3.941301098949505644e+00
1.098981487917786737e+01
8.663356420681804337e+00
1.771291425399853736e+00
8.516436773299632890e+00
7.667072173340986119e+00
1.342707668271950894e+01
2.771929004804907226e+00
2.747659735249172286e+00
1.125887515299610087e+01
4.355376790472694992e+00
1.105650105428986407e+01
-2.745929708029592575e+00
8.291795291275185775e+00
7.432350712734741904e+00
7.530217384899263955e+00
1.148898443122384094e+01
2.129294719559542415e+00
3.051386316147527644e+00
-2.237398952207023228e+00
6.636491613171114246e+00
2.430087455602016888e+00
1.265620908059947425e+01
5.775676882934959622e+00
4.728045815292468035e+00
9.744121764687841747e+00
3.380185367638891769e+00
1.112918496481683839e+01
8.364461509024852859e+00
8.210307218004174956e+00
6.791493389744287512e+00
8.293691780482495446e+00
-2.332922617621737693e+00
1.745219961088547045e+00
9.259643934209215388e+00
1.006496329676154033e+01
9.113331066066043817e-01
1.227077459030813067e+01
2.840220848129312969e+00
8.451791901536580554e-01
4.159843447220078261e+00
7.537782939884708711e+00
1.088374867806363611e+00
1.151288655097867597e+00
4.171673533593065031e+00
6.831947712871025757e+00
9.002199480856308611e+00
6.856777008211327740e+00
7.112745333344947518e+00
4.292692737140180625e+00
7.622084904524905724e+00
2.886980339175293508e-01
2.391869113983604578e+00
6.173237168063479885e+00
1.642805597329176948e+01
7.856866256688479488e+00
5.786257603501808511e+00
1.056574801808747210e+01
3.474987647413900760e+00
5.963925848308061717e+00
1.214049171346176337e+01
7.432522311092718326e+00
7.060490116557483375e+00
8.034625948042759092e+00
1.008800763394215494e+01
2.057611232325188055e+00
6.744492791951015143e+00
8.403027726397231945e+00
9.364187031092843227e-01
1.650035189977229422e+01
8.082244971499250141e+00
6.002915247872338433e+00
8.138358745507012770e+00
1.867169782012157775e+00
9.616612411159195517e+00
5.014104588020593667e+00
8.077020437468293679e+00
9.775657191558327241e+00
3.779868489701926570e+00
6.629656260513348442e+00
1.510381150684776053e+01
8.332926325665209077e+00
4.847920394805473876e-01
9.798185374013254290e+00
5.740467561388896911e+00
-3.817418509354283174e+00
1.242464886570796878e+01
8.414223463020501725e+00
8.835846789353498210e+00
8.492123079520707662e+00
-1.928737859478335537e-02
9.782336415088970227e-01
-4.947640026411001202e+00
1.018556558065463058e+01
9.008956460435086910e+00
4.689956165913361730e+00
1.835655843262697928e+01
-6.457705857734961974e+00
6.916452438610469322e+00
1.382902262836512719e+01
