1.053786873928685992e+02
1.076296121951703668e+02
1.067293237318056782e+02
1.087050908755270484e+02
6.497619508641983543e+01
1.096881047596641423e+02
8.120321438766320910e+01
1.171905966801200663e+02
9.538661066693670421e+01
1.144394879280801973e+02
8.213807678901618203e+01
9.897166719109867472e+01
1.005149703762495506e+02
1.217284938774040199e+02
7.127505906681251702e+01
6.964147584050773787e+01
7.253246813224646417e+01
7.966954638588232740e+01
9.648500431636898611e+01
1.229954720730228104e+02
1.102137661458593243e+02
1.241606675377624214e+02
8.772001468182818940e+01
9.828253637007738064e+01
8.946059702143190862e+01
9.207299484761628605e+01
1.331658628417609691e+02
1.210629840749576545e+02
9.222234787673475864e+01
9.730072590575737479e+01
1.249129899631369085e+02
9.330879471330845831e+01
9.740764352903782708e+01
9.040205029239828605e+01
7.918675687578274847e+01
1.093188204412565199e+02
1.241028619832290758e+02
7.021600025608569240e+01
1.240832262812430997e+02
1.014264913081337198e+02
1.239813484643270840e+02
1.006967792546565335e+02
1.006865218209368322e+02
5.166748993004745216e+01
5.777810490457363812e+01
1.059777822933938580e+02
9.290092332156901023e+01
1.370492251724115249e+02
9.137097525555526545e+01
1.061140028244637961e+02
9.267311111697229364e+01
1.063327136953434007e+02
8.127051683373204582e+01
7.658501718802445168e+01
8.351471276282430267e+01
9.434495977515993559e+01
9.168049817799237644e+01
1.125222969063429872e+02
7.967615796308847109e+01
1.042071838208229622e+02
7.436578170751107564e+01
1.363719877001045688e+02
1.261211642795950922e+02
1.106501359509801432e+02
8.263666324232418958e+01
1.213996521336584919e+02
1.061384435503688621e+02
9.162656449201453768e+01
6.363480414531976237e+01
1.052631269352421270e+02
8.041133010631878619e+01
4.809798284095246856e+01
1.246615900591553441e+02
1.123308868802793370e+02
1.276133705931713394e+02
9.336294836762374416e+01
6.100143419315902804e+01
1.120923073107926200e+02
9.577767958402624515e+01
7.123421922615200685e+01
1.029934351461809712e+02
8.227221926286593146e+01
9.177016001866827821e+01
1.442642935509011295e+02
1.062715254767149275e+02
7.453557319214122856e+01
1.098438161826424135e+02
9.035612245905947759e+01
1.218240416568466742e+02
1.096881256725282441e+02
1.248228932593312237e+02
9.678168026430535065e+01
8.825205666966643037e+01
8.742921862934925059e+01
6.286193562567778770e+01
9.215232513652242119e+01
9.329626619951250177e+01
7.279654394922171434e+01
9.664923590757716454e+01
1.272070039136590225e+02
