7.181040505191674583e+00
1.310096274096775204e+01
1.201612915343178578e+01
1.975803956930576177e+01
2.314408448470635449e+01
4.979392619507422069e+00
1.362841789090199462e+01
1.267461828593904904e+01
4.730261547418056267e+00
1.760245016133657003e+01
6.928498383266529004e+00
8.620952323803036776e+00
1.749226108720915818e+01
1.447883515851612479e+01
8.105381960365432903e+00
1.182961630722294899e+01
-2.674445265154428597e+00
1.413061345580220340e+01
6.904600887101988604e+00
-2.603094513751429417e-01
8.854957504037619387e+00
1.698817297194858966e+01
6.669263574685647455e+00
1.782365333668538909e+01
1.517480594873415001e+01
1.082561693414263360e+01
1.046654560562008385e+01
6.398547475401691997e+00
8.060229217906071497e+00
1.115538945378516189e+01
9.977694070592750819e+00
2.331922096725791604e+01
2.136760674363998902e+01
4.843262336128233869e+00
1.033707347473061056e+01
5.525146139324650818e+00
1.422342806758453904e+01
2.409163125949648787e+01
1.504360921500201265e+01
1.407432739148987544e+01
1.632246952023566777e+01
2.780315291206469652e+01
1.638323939390262041e+01
1.268721335125994010e+01
5.624309643833715455e+00
2.626443899606407228e+00
1.212840348984253858e+01
4.430202962304871761e+00
5.563572602543368717e+00
1.101514690086741410e+01
1.194454898338057447e+01
1.317917848536318459e+01
9.994279334164192008e+00
2.047536852817879449e+01
2.105713771863213069e+01
1.986869287439341392e+01
1.329947370391975348e+01
2.415932355802776499e+01
5.625813372489268716e+00
1.210770754868052101e+01
1.186496339997157001e+01
9.101762498883001484e+00
2.471128001282311715e+01
2.001647821149414597e+01
1.592306793257713693e+01
-8.280964596087473595e+00
1.551528162456154192e+01
6.539685537693076256e+00
7.195644010929203915e+00
2.534555131015682861e+00
-2.295752528595517816e+00
1.375695122365283574e+01
3.727785071284829499e+00
3.809337879638574620e+00
6.000465738630916590e+00
1.853865238374446989e+01
4.847431088812006905e+00
6.953057412040713814e+00
1.300776695489146739e+01
6.715049093995117957e+00
3.615523837250108841e+00
1.245173870649575498e+01
1.076817901982896331e+01
1.001908649906605042e+01
8.551487194048359441e+00
1.898311791151515848e+01
-1.645870941288144707e+00
2.244400975151466326e+01
1.026161691978232682e+01
9.284009353633859263e+00
2.800083805296871020e+01
1.426621776155978161e+01
1.128958888567457564e+01
1.898910882091141872e+01
1.543890469023421552e+01
7.068039418152366693e+00
1.089737313937692953e+01
5.590977950330701773e+00
1.276977890238849689e+01
4.871885590566394697e+00
