1.402962573556542907e+02
2.217866131968167167e+02
1.444257569232928518e+02
1.359690570119149129e+02
1.666821930728272321e+02
1.440854882751100945e+02
1.612956195326151487e+02
1.807374698481224868e+02
1.681713103189829326e+02
1.758835444677694966e+02
1.600682438130912431e+02
1.994927253807045417e+02
1.778170709417458681e+02
1.148728035469171971e+02
1.554132764165230185e+02
2.052167744756291654e+02
1.895021319927459160e+02
1.604799986728476142e+02
1.408429352968817625e+02
1.531453660889297339e+02
1.217460897698175870e+02
1.635761860795038558e+02
1.364516709542134265e+02
1.702607286236675748e+02
1.555583217089029802e+02
1.092697405628101990e+02
1.302652088907561279e+02
1.578723736405133877e+02
1.777704517752848972e+02
1.225739524149917656e+02
1.332949151603046403e+02
1.372652885656610806e+02
1.811999657542702664e+02
1.653947931106890792e+02
1.281059165066394598e+02
1.164064441618633907e+02
1.852365224051839618e+02
1.963850193372397541e+02
1.437110812245979048e+02
1.189069538596759799e+02
1.522473423328497972e+02
1.102033464738407247e+02
1.452679024925854776e+02
9.555232593952803199e+01
1.656252326655977072e+02
1.979205653108574552e+02
1.523682694495304304e+02
1.234559761992185543e+02
1.725518796294957724e+02
1.573920502983025358e+02
1.377061869519747859e+02
1.427359250340244330e+02
1.813846811504020593e+02
1.703499845072367407e+02
1.458480604790129576e+02
1.831925227794100408e+02
1.386116165775895013e+02
1.210306714990511239e+02
1.606125096954616254e+02
1.739543272916502588e+02
1.635884958501684991e+02
1.365665317731887569e+02
1.306420994742153141e+02
1.773065952246882375e+02
1.951648419354864075e+02
1.512970512665226863e+02
2.141175458029336767e+02
1.436506431771531993e+02
1.573969183847246427e+02
1.906970614441318901e+02
1.475409658630155718e+02
1.656382958207588274e+02
1.692007069241952593e+02
1.339384560674698719e+02
1.698223008449720339e+02
1.808817237040038890e+02
1.601168653594291129e+02
1.879853339935153826e+02
1.473468797936668579e+02
1.729220564953015753e+02
2.023466448841737133e+02
1.193076762662416570e+02
1.514407113007080454e+02
1.926576785051312584e+02
1.767763196952468832e+02
1.558193805275442969e+02
1.920544558611704815e+02
9.426683243634874998e+01
1.565175105556004382e+02
1.036485679571767946e+02
1.421609980728931077e+02
1.400914130310092673e+02
1.256513035382797909e+02
1.662474385646565054e+02
1.816753518170295081e+02
2.127229141814622722e+02
1.589323975100606106e+02
1.526125076832104810e+02
1.269286495144496314e+02
1.308606245146876574e+02
