6.265615517528736689e+01
6.333093156157808323e+01
8.609897992036491132e+01
4.786423561340137667e+01
6.145760423271109119e+01
5.378921541303436982e+01
5.375274458615947992e+01
5.883444432114711731e+01
9.668977470071126845e+01
7.765189420816400911e+01
7.078515550167149684e+01
7.251840480202321260e+01
5.737246042775169030e+01
9.089155033847478649e+01
7.348358452705139143e+01
6.402250951364956677e+01
3.970043506480543272e+01
5.790990549704801538e+01
6.493618187826773180e+01
7.774656690357011257e+01
5.250619717623456495e+01
5.950786230501329754e+01
6.875889112033053152e+01
7.678348644535336120e+01
5.591505844347986454e+01
8.283567046858738081e+01
9.421925081453446182e+01
6.035636503256218077e+01
6.322397213105081448e+01
6.874782463259356291e+01
6.342502175467475922e+01
7.213874670060353367e+01
4.768078229795781908e+01
6.702805300674030775e+01
9.538058611077192950e+01
7.609058759777389014e+01
6.352017047467874278e+01
6.995602868400759178e+01
6.637123754588338898e+01
8.006822294682341123e+01
7.053383614480921437e+01
8.279855880732901596e+01
6.730044226965824805e+01
7.225503853334635096e+01
5.322490187596153532e+01
7.484918415142354320e+01
8.079894910202212088e+01
8.739250706340827435e+01
8.100277186498830417e+01
6.726538363838392343e+01
7.269592611240356916e+01
5.350686336435530421e+01
6.845466863538391067e+01
4.717706639073719543e+01
9.832343825748723987e+01
4.197121370695303710e+01
7.725170946983602960e+01
6.276215985850356560e+01
7.463048897489576916e+01
5.629659532821429480e+01
5.749501382056271837e+01
5.053026663577301747e+01
6.369427372803444598e+01
9.461837276970220501e+01
6.510747338496773295e+01
7.858216814927575911e+01
1.028881465739547991e+02
6.726054742087720228e+01
7.301306914436972306e+01
7.295775261747030527e+01
5.631457014653864235e+01
6.024408637654143206e+01
5.951866626456924791e+01
5.525674694853918822e+01
5.981529571197013695e+01
4.093675339792517320e+01
8.375224099268132250e+01
5.182509543257079088e+01
6.225452578055255515e+01
8.365794142935740751e+01
4.113231285061635845e+01
5.286190225525180608e+01
8.683070840901734755e+01
7.401057981848144607e+01
7.027986965023789878e+01
5.935019967126547158e+01
3.702539021718162360e+01
8.667289055338608250e+01
7.381612463225843612e+01
7.090944574783736698e+01
4.782311309631063523e+01
7.094737045098463568e+01
6.857532537926087457e+01
5.789662355589841525e+01
6.070919721928237323e+01
6.952160233638089437e+01
5.939414717627632001e+01
7.945715862441115007e+01
5.671923076033803568e+01
4.640088812383017114e+01
