1.872282268073933835e+02
1.654486968910610756e+02
1.711681201889807369e+02
1.609585009038853229e+02
1.659517880942533452e+02
1.135112225198924989e+02
1.543567701360106810e+02
1.459133945726227068e+02
1.574109819873060303e+02
1.302036791102405004e+02
1.750221850907769294e+02
1.662491819222807692e+02
1.909340137052552393e+02
2.129887461183353992e+02
1.248382216823425779e+02
1.532642653312779828e+02
1.770036615483423361e+02
1.423098958047284270e+02
1.490360452160407476e+02
1.429793641928004888e+02
1.798515892789384907e+02
1.534299753502061208e+02
1.546228887617327814e+02
1.696947782639829256e+02
1.429285555016256524e+02
1.672184913940540696e+02
1.531905457417711887e+02
1.487693609535882331e+02
1.967097127538073948e+02
1.728080010398748811e+02
1.157993250636231437e+02
1.509111032933834906e+02
2.049954301745933094e+02
1.308666960693254282e+02
1.747893451149124360e+02
1.407780859682883943e+02
1.273382535946972496e+02
1.623465323115293018e+02
1.825639474639824869e+02
2.025360469063500091e+02
1.814876139299640840e+02
1.210038150854344678e+02
1.916605886610274752e+02
1.857534006613678628e+02
1.768571615889325130e+02
1.801544714636514755e+02
1.354945507283374866e+02
1.492167640441793424e+02
1.707249899273039659e+02
1.699059172298555893e+02
1.475084514511610223e+02
1.384737013665016718e+02
2.038706013546695601e+02
1.791482702417021926e+02
1.109022574649871160e+02
1.620611159663844205e+02
1.395232846050624858e+02
1.559207323841739310e+02
1.801522863493293585e+02
1.074295556717546560e+02
1.959476298756060544e+02
1.716450891949812103e+02
1.917384592748302339e+02
1.294591369398805227e+02
1.874955280781342140e+02
1.455775264545410721e+02
1.791563317830340338e+02
1.480695123935724382e+02
1.892486538492252635e+02
1.246689494464363293e+02
1.784225339410849926e+02
1.583811151449397698e+02
1.582617010105629447e+02
1.891984834104566175e+02
1.435500141197540245e+02
1.776712751973699937e+02
1.502343931559636019e+02
1.615635843471852979e+02
1.489670240362283380e+02
1.471777310435594472e+02
1.248362482718770821e+02
1.502841062318865681e+02
1.509148536716766955e+02
1.150250377207923691e+02
1.501136036401495630e+02
1.431979332432386514e+02
1.679649609256101996e+02
1.344032094963414750e+02
1.766214391639061034e+02
2.092910460837857443e+02
1.665284298271780301e+02
1.121312042673297071e+02
1.455015608780471439e+02
1.795269563293661577e+02
1.577371481983714148e+02
1.412308996768302904e+02
1.535789582082435061e+02
1.581922487609540724e+02
1.491586707016855655e+02
1.635014640450409900e+02
