2.562909031411064120e+01
1.484233294423108163e+01
2.583134618514255010e+01
1.340934276855016805e+01
4.202790209093492280e+01
3.646907668626136001e+01
3.205434728484540585e+01
2.510836287096717712e+01
3.814222148029662662e+01
5.944708980798385767e+01
4.924892716422053240e+01
3.926257349060670521e+01
3.093587269708253373e+01
4.302072544780789087e+01
2.371526585389612052e+01
3.405160562141061575e+01
3.713325366535840288e+01
3.894795416754768524e+01
2.060154963605843648e+01
1.749101250145422881e+01
3.896220727216109481e+01
3.341677735474138444e+01
4.208450069829390117e+01
3.059214580864608024e+01
2.876226044582344343e+01
3.575414588270294303e+01
2.362094961125368187e+01
3.766866221816467686e+01
2.791694002187311696e+01
1.280505239598022627e+01
2.005251404178982710e+01
3.811858527257912499e+01
2.108122231837366201e+01
9.186204574765319819e+00
4.589414792022659384e+01
5.279093068348178264e+01
2.307028066734384097e+01
2.873686482020143984e+01
1.466095929677761234e+01
5.289824134884167961e+01
3.473093115716707757e+01
1.268184280484881299e+01
2.268710918608725535e+01
2.601117175743187460e+01
1.651299562983377456e+01
4.206076456190638169e+01
2.908951855027077471e+01
2.697595732684786896e+01
3.244049381831615619e+01
2.032403944132109075e+01
2.665545923103027093e+01
2.283345453863297791e+01
3.137500681501750677e+01
4.360333485878082627e+01
2.291516324563733775e+01
1.796770070181278811e+01
4.410985569716811483e+01
1.666965892196364507e+01
1.910450474076949945e+01
2.362401589830771798e+01
2.832568661097287332e+01
3.450918662730714459e+01
5.325789661936660480e+01
5.857147824921804613e+01
1.814546449602438116e+01
3.200570432539808507e+01
3.736094277215192960e+01
2.687408933398683075e+01
2.992576817866692807e+01
1.700945630400029529e+01
4.549575116447116585e+01
2.504279021151980089e+01
3.859904742914014975e+01
3.359319060385487177e+01
2.105275977379514885e+01
2.219607434563464210e+01
3.794174546534647163e+01
1.717833396739113283e+01
4.252606255477534347e+01
1.196982097611019924e+01
3.261751348436156661e+01
2.386169893919382190e+01
1.132890868165127074e+01
4.387255227474685171e+01
3.697959310837271119e+01
3.258216502572548734e+01
4.691429231456373827e+01
4.648403884183066737e+01
3.098219880143521365e+01
1.677418621318391700e+01
2.617701220277715990e+01
2.719319196885929557e+01
2.906341262519936564e+01
3.617927444596955411e+01
3.432302869555341829e+01
9.309814588788370315e+00
3.644992145733979072e+01
3.884656141856299882e+01
1.914875456232796935e+01
1.982170035934779762e+01
