7.666816659902296749e+01
7.744017713835862082e+01
7.405038476320082452e+01
9.567263391996277733e+01
5.342239307017000272e+01
6.161249562275739322e+01
5.749858357411142151e+01
5.619735271017287914e+01
7.627359307403054345e+01
7.303072514093366863e+01
3.648409062219300836e+01
5.690791636472664550e+01
6.233608650620332980e+01
9.630337873132748427e+01
7.260949475658654251e+01
9.463560552296155493e+01
6.004593653770450601e+01
2.009578857816215702e+01
7.879300388366419838e+01
7.052110955368198120e+01
7.503954493558525485e+01
6.079795995358236382e+01
6.765822101701179747e+01
6.219765921528747299e+01
7.034845888397404678e+01
3.435922404614463233e+01
9.036554584688134639e+01
7.834773048877659107e+01
8.595582682045811396e+01
6.722277670231925129e+01
7.698983354098288601e+01
6.393013910058347449e+01
9.754405084655581959e+01
4.594432000900513913e+01
6.596847265424399609e+01
7.030769745373687840e+01
6.395704810022547804e+01
7.363786496735886544e+01
6.412110706303596430e+01
8.147255487654543060e+01
5.943793603399799963e+01
7.913096512075163957e+01
1.112024479494651956e+02
7.438229370411315244e+01
6.060225042258107919e+01
6.534255914468454307e+01
5.687575980622554539e+01
7.394463919114066641e+01
7.071054959533056206e+01
8.363804296458764043e+01
6.421617176601837684e+01
5.388354517698955704e+01
8.918980656780817640e+01
7.703634474703046919e+01
5.455305236498534782e+01
4.916912533515351669e+01
8.604809717407162850e+01
7.586007323342900577e+01
5.314413393999367941e+01
9.583225074958575362e+01
6.179885872365956345e+01
4.547412449857918659e+01
6.467069514520837004e+01
1.271927942435347063e+02
1.013551065422786337e+02
5.634923262327279758e+01
6.843957630279355442e+01
8.029297246911410468e+01
9.327765247139537053e+01
7.502994836766802678e+01
7.937232057391329931e+01
7.944203702874374073e+01
6.461190313857727574e+01
6.413317458829575912e+01
5.331107865339552632e+01
2.811351867690548545e+01
4.958400524503421991e+01
4.478138081327584530e+01
7.651850413274738116e+01
4.787779804245795390e+01
7.893579675503505655e+01
6.609144316012819331e+01
6.439774663124430276e+01
7.318797528667745667e+01
6.109035482411459839e+01
7.187191311433228691e+01
6.446240281186173604e+01
6.031635450745552873e+01
5.557029852506958889e+01
8.968938814097830914e+01
7.078082944940874199e+01
5.462940272845780498e+01
8.178673513940761097e+01
5.342827008861227966e+01
9.379693511728095245e+01
7.057298216375357924e+01
8.148941826320145765e+01
5.695263099347654645e+01
6.569546333384484171e+01
7.641844233358722249e+01
