1.930346585646704511e+02
1.333148935490540623e+02
1.583660438448459331e+02
1.949797087453405311e+02
2.016706978806443544e+02
1.472954268078722464e+02
1.834714164229673372e+02
1.902601030293992608e+02
1.361436667534491960e+02
1.183079135319405850e+02
1.584501382405369156e+02
2.121361140478671814e+02
2.030367499515661223e+02
1.896827987176799013e+02
1.864249953562046471e+02
1.837722942371798922e+02
1.515748325138361849e+02
1.361585036010311285e+02
1.767117237843633859e+02
1.766279460789960183e+02
1.672265694439726644e+02
1.430860056678420449e+02
1.650190169059447101e+02
1.632167357457761341e+02
1.709107694823509007e+02
1.675180802174639609e+02
1.691381786493837183e+02
2.093332508517405302e+02
1.367470944899223184e+02
1.777777407759078301e+02
1.798908351250611020e+02
1.532419485255055633e+02
1.871537222881399316e+02
1.614808638689799807e+02
1.861110287909253884e+02
1.885963314740488954e+02
1.405953389089200698e+02
1.260201978085991641e+02
1.847088971246952269e+02
1.193656498869194138e+02
1.575330182527015381e+02
1.740753345757185002e+02
2.223360594219247446e+02
1.308359764105363467e+02
1.821529166487518125e+02
1.996523912723727108e+02
1.688176051293108628e+02
1.764727388699456299e+02
1.582314720012520297e+02
1.688032282094137315e+02
1.490094728139479230e+02
1.106929329392447414e+02
2.145658200277870264e+02
1.394003141209864225e+02
1.876734058975468713e+02
1.872017728923100321e+02
1.417317494057632530e+02
1.441185061862577186e+02
1.542125900837593520e+02
1.368745258653584926e+02
2.035344210635456363e+02
1.409428543389678623e+02
1.904815378159215697e+02
1.539650352961374153e+02
1.656657646814729219e+02
1.678497083625560720e+02
1.893224943715674726e+02
1.723046607072100471e+02
1.753024569217690214e+02
2.236981366677983658e+02
1.860670280999170245e+02
1.639750157564667177e+02
1.608903171060569264e+02
1.977135938366255914e+02
1.589987908370310379e+02
1.475989657404165314e+02
1.094595234674784479e+02
1.164885086207158906e+02
1.674595277861702698e+02
1.838403454415128806e+02
1.831250671225396331e+02
1.672287423542330771e+02
1.877787089722813505e+02
1.444595358892121055e+02
1.712424030474389554e+02
1.930277307645881706e+02
1.592501942870277958e+02
1.390830752402816017e+02
1.423707973123688930e+02
1.306733462184346592e+02
1.724356728743163671e+02
1.656332344340270311e+02
2.156068333776629800e+02
1.892559680239798183e+02
1.233388313316430640e+02
2.044244515838082918e+02
1.719674480842698756e+02
2.356467472916764336e+02
1.331612564803549503e+02
1.616271925693314131e+02
