4.998392371305678950e+01
6.698516890730033424e+01
5.332473427867037685e+01
7.024786253611983966e+01
5.036931958679646471e+01
6.168442445162288124e+01
6.501137442508291997e+01
4.991849488413517832e+01
4.023744796050375072e+01
3.653346154833149484e+01
4.000109371082474752e+01
4.039977534004165705e+01
9.135039122444490545e+01
5.167107882243657713e+01
9.097698513970560441e+01
6.529138987248202852e+01
6.581763115834095856e+01
3.765791232107072517e+01
4.869690147791649792e+01
4.539977709683564910e+01
6.309134356029718305e+01
4.251574114343156197e+01
6.380850471617982578e+01
6.056655878918658686e+01
7.140471882146530902e+01
2.210672955595164524e+01
4.363692511773992777e+01
6.073825249577598839e+01
3.844208653419680388e+01
5.185427062720778935e+01
4.118470188596391068e+01
4.161247055030879238e+01
6.851880729254281732e+01
7.099048121206955386e+01
3.255433483865221689e+01
6.492202943716958430e+01
4.639981087584239106e+01
6.564897297076419136e+01
6.413277900239262408e+01
4.732108116776964835e+01
8.139075843548425837e+01
5.647309609418773135e+01
6.993867489503854529e+01
6.698454692878966910e+01
7.597664182923151088e+01
3.097653870036099022e+01
6.493920937159901996e+01
4.163310050439169174e+01
3.847938652238118351e+01
3.705346101908746448e+01
6.047781820416698650e+01
5.240316882600063764e+01
5.152799749171496302e+01
7.767950999854130600e+01
3.910080752695725437e+01
4.720176062721344579e+01
3.205231601562417154e+01
4.869771987287854387e+01
6.043776115674146610e+01
4.809941014931730763e+01
4.693566380454178244e+01
6.258284147999883373e+01
5.903911242316078045e+01
7.949737292908534414e+01
6.432972629076891735e+01
5.723121630667811388e+01
4.735455270884923351e+01
5.940779126953778189e+01
6.050757909565017201e+01
7.134839419884971790e+01
3.453786775563598610e+01
7.888920881220087722e+01
7.413642511488843923e+01
7.141184849128988787e+01
2.124902640737882109e+01
6.094543998527881001e+01
6.371102287748706061e+01
4.580838159253728747e+01
4.757681666096281248e+01
3.493366758958687512e+01
7.024906326105485732e+01
5.499742200227878186e+01
5.221157759313388169e+01
7.663013103591340780e+01
6.829196530544570010e+01
7.646714093693221059e+01
6.197002454873282318e+01
6.935651502190393103e+01
6.657938322658515062e+01
5.979211998960933983e+01
5.568035470294279321e+01
3.080676070284338408e+01
6.214464561032095702e+01
5.404232587664819221e+01
8.427083673917061901e+01
6.283455743587154529e+01
6.850686131537247547e+01
5.518286667329036277e+01
4.896320517357871438e+01
6.280881158729500413e+01
