2.379656199898970570e+01
2.144380339618347975e+01
2.490016517175324040e+01
9.643707019563496630e+00
1.139800276604684015e+01
2.107776471412833530e+01
1.871426032369307180e+01
3.215081285118606047e+01
3.187461879457362102e+01
5.959114566641842359e+00
1.125819677384930806e+01
1.782092873955325274e+01
1.293047627693611545e+01
3.476565913043046407e+01
3.328053313166033433e+01
9.849084593951044297e+00
2.644635750486428094e+01
9.528877303354938988e+00
1.539119049494961544e+01
9.277326928457988231e+00
2.787701649640835910e+01
2.282281386018271263e+01
2.919616005094765399e+01
1.538863589288977352e+01
1.050298884700799817e+01
1.157738956750770498e+01
3.400991284767766132e+00
1.862459194550418928e+01
2.717542295548318876e+01
1.300907194498779518e+01
1.375336902349489598e+01
8.376943704706189209e+00
1.600744647996345904e+01
1.395594483577443867e+01
1.929779933113212209e+01
5.751782099332015008e+00
2.268114153550390100e+01
3.091951842978559384e+01
1.726658924943237849e+01
1.007061869109889685e+01
2.887912479038847380e+01
1.315199360845668508e+01
1.196789597321324194e+01
2.536364451553229316e+00
2.234206587857824999e+01
1.776172499875789867e+01
2.137488147707381003e+01
1.689016107985282389e+01
2.694712479413586692e+01
2.501723860780638020e+01
2.401739147348157388e+01
2.647714926802112601e+01
1.925428483071832986e+01
2.633617505566894224e+01
1.551797062260775562e+01
9.915311243128378749e+00
1.323301917927310356e+01
1.723128858576164646e+01
2.393239498137042531e+01
1.598355248722666744e+01
6.658918444755350663e+00
6.975746734342290978e+00
9.542649014134333640e+00
2.042350187854949439e+01
1.593912456248042986e+01
1.117600592439313800e+01
1.728505791720751361e+01
1.719722235065246707e+01
3.112525653767426448e+01
1.322964405780758312e+01
4.559762379447828806e+00
4.526481510194230395e+00
1.885175372211137557e+01
2.159110047428362478e+01
2.378555366015161709e+01
1.947053911023513706e+01
7.816436757376578726e+00
7.733328228653878256e+00
7.200889237124847853e+00
2.280046081617670950e+01
1.356533022385465159e+01
1.851120030396777594e+01
2.160766413451545986e+01
1.716496038618954145e+01
2.731650099348850347e+01
1.871751873390541476e+01
-4.281527958100284081e-02
4.039149249657279483e+01
2.577325581460595316e+01
3.924738786319959871e+01
1.079659513282944872e+01
1.265346812872928162e+01
2.771715176557212246e+01
5.739922541797472633e+00
5.948049317874982478e+00
2.913074828151928841e+01
2.959149216039349639e+01
2.351702175606165923e+01
2.597712580636891744e+01
1.613528805839167646e+01
