1.460511663515417524e+02
1.439928153752422304e+02
1.541416020707043799e+02
9.441469883332770507e+01
9.862440019773083577e+01
1.242966678737211481e+02
1.402032488723579036e+02
6.839200714912220747e+01
1.121572816292921857e+02
1.203733656356459676e+02
1.401466498156019043e+02
9.222222763217315844e+01
1.220124475917748441e+02
1.004804259808224174e+02
1.221936142691106539e+02
1.114786774219444823e+02
1.551657228403787769e+02
1.313410356278800180e+02
1.200568991875516645e+02
1.207429333073304889e+02
9.846635628689851671e+01
1.066260295430709704e+02
1.579474265123497503e+02
1.467453938680016847e+02
1.264778473023391285e+02
1.447157103182100286e+02
1.266074173964413916e+02
1.122422558648489854e+02
1.065591252316018114e+02
7.665611573138815515e+01
1.087663165914899679e+02
1.220780988849897568e+02
9.794343753754547777e+01
1.245448583518378598e+02
1.262399966616625875e+02
1.120174498420204259e+02
1.381762554708416531e+02
1.506816839303553195e+02
9.858812150597300672e+01
1.301834577058950231e+02
9.014931745962036302e+01
1.625720884645146214e+02
1.247266149422677444e+02
1.137562391080815871e+02
1.143891751404109556e+02
9.519947325817037154e+01
1.659325687990079246e+02
6.988701623370525340e+01
1.382933223949988246e+02
1.098387581277671927e+02
1.230332967782116356e+02
1.092950978841727476e+02
1.082010459413077683e+02
1.057941367369595866e+02
1.238779406501172247e+02
1.176068763351034789e+02
9.023458880011372685e+01
1.027646093894219348e+02
1.280536242709094381e+02
1.552664253701051109e+02
1.093940918710988512e+02
1.322700832050657596e+02
1.151216637924005965e+02
1.255993324577135013e+02
8.251158865197723458e+01
1.301199358028932807e+02
1.152813926726652198e+02
7.896596791329645271e+01
1.173346534767480449e+02
1.109838937061916369e+02
1.597161352652573498e+02
1.223989251087645442e+02
1.199006449920752573e+02
1.211864059439522237e+02
1.459065671378579054e+02
1.616094370804154607e+02
1.099049128294611961e+02
1.265332771141432602e+02
1.305282661744857649e+02
8.907515214899675016e+01
1.155310769880137372e+02
1.196008899237692731e+02
1.409312644321590824e+02
1.137544435770849702e+02
1.447828628198849970e+02
1.627173606529948984e+02
1.411469038550369532e+02
1.296514413285055980e+02
1.012294010414864829e+02
1.168465060012631369e+02
1.085620883961170051e+02
7.661175308291264230e+01
1.216595375974291642e+02
1.366681710585650649e+02
1.154834899926898402e+02
1.361471744379369397e+02
9.226196366063231835e+01
1.039501256017524469e+02
1.127721990908358123e+02
7.522026302693498678e+01
