1.260123756374095763e+02
1.927574580166951534e+02
1.687918318095722725e+02
2.093583073909654217e+02
2.147907399859464306e+02
1.830278940587487853e+02
1.545374243747129697e+02
1.598172505843002398e+02
1.230341899432196442e+02
2.296446501731519731e+02
1.895352424279657271e+02
1.577132435602280793e+02
1.374561507063936574e+02
1.941330388000926632e+02
2.443680705116282184e+02
1.264432979965274058e+02
2.151935295589772750e+02
2.311806944964071420e+02
2.160765336291351275e+02
1.671969431265332560e+02
2.164108914975222433e+02
1.986096346071446135e+02
1.793303575364451490e+02
1.775684983051980623e+02
1.539835054246140089e+02
1.792714422348554706e+02
1.604702609432932832e+02
1.806837726062134095e+02
1.786636044902097069e+02
1.776610501944855400e+02
1.948835881210677883e+02
1.496699350571734612e+02
2.050402611345671744e+02
1.739974258968996423e+02
1.665176001587706480e+02
1.768008567534552640e+02
1.611080582909495149e+02
1.857299838896828419e+02
1.792291357128078175e+02
1.065384599051371026e+02
2.219887831841351726e+02
1.828458501078984568e+02
1.499627447091879446e+02
1.409996447648064759e+02
1.794101640066467382e+02
1.674152155165717772e+02
1.626216763695769032e+02
1.494678838335186413e+02
1.654226335222252544e+02
1.643270778264543992e+02
2.321704111057032662e+02
2.064600641682785636e+02
1.878448840712844969e+02
1.398742224654898223e+02
1.701684057527613732e+02
1.357523784186041667e+02
1.396287887802301100e+02
1.618048571374346238e+02
1.585388729776873049e+02
1.584911674760616620e+02
1.690901837187620913e+02
1.828351916246064661e+02
2.077233978156566536e+02
2.522719695582016470e+02
1.667594038718233378e+02
2.032243326925846247e+02
1.386618907028323804e+02
1.298947748049239976e+02
1.812039259873739070e+02
1.460589528369754078e+02
1.478370645157496597e+02
2.197407490821603346e+02
1.900875529806112354e+02
1.401713861451741536e+02
2.069038348740319009e+02
1.813364137535781140e+02
1.831004046209956186e+02
2.210219517072261795e+02
1.601801700775220638e+02
1.537181404930434212e+02
1.858327363588001901e+02
1.382255745609132589e+02
1.297740762102877170e+02
1.572014338337190793e+02
1.820139847589716453e+02
1.866105297207706428e+02
1.517399186912249149e+02
1.431553096975687822e+02
1.797995441948189921e+02
1.594681024650620031e+02
1.479122886290552970e+02
1.877612619468960986e+02
1.753112242146355584e+02
1.448482333403449616e+02
1.446571240093065853e+02
1.898965176787530709e+02
1.610676350889419268e+02
1.564226469760840814e+02
1.573391186535056931e+02
1.902680854501550982e+02
