1.279343232702291857e+02
9.657946026651197258e+01
7.697437957837674105e+01
7.351644967331314717e+01
1.258974093441457853e+02
1.325200037304822445e+02
9.262739908437602310e+01
1.002668705203044084e+02
9.327861104088279376e+01
1.097374295866324019e+02
9.946938642185610036e+01
1.039229378501229348e+02
1.464698005232242508e+02
1.376164550296790594e+02
1.339141549331192209e+02
1.075177664674743170e+02
1.302883423687316053e+02
9.426565101243109268e+01
8.929607422241100778e+01
6.887658987642666375e+01
8.155467407806979452e+01
1.309649070709583043e+02
1.054924222027647573e+02
1.001254511952086830e+02
1.502988586903881583e+02
8.076679949782000278e+01
1.067793706094430632e+02
9.895450677006340356e+01
1.185790115339788287e+02
1.144320600939351920e+02
1.253052575390381520e+02
1.040531548039065370e+02
1.137097027975192702e+02
1.140749598337579300e+02
1.138263281655510610e+02
7.605018093864991613e+01
1.035723186612526376e+02
1.018811547540098132e+02
9.457299533369402411e+01
1.007536832822675166e+02
1.136001018336121149e+02
8.021424000322349457e+01
1.305208784431148104e+02
1.058564279315332044e+02
1.250777834608242358e+02
1.209182381111509983e+02
9.900981057702983890e+01
8.857721307318006154e+01
1.324543396015404539e+02
1.108588368312330346e+02
8.862422407678981529e+01
1.128821645357415235e+02
1.175737939225971331e+02
1.190538647141040940e+02
1.119883609068853616e+02
1.040284186046958865e+02
9.885520465460751893e+01
1.107746023770170041e+02
8.987507797338614068e+01
1.142968170959442915e+02
1.288333132777121648e+02
1.242897839043393020e+02
9.744271978732942330e+01
1.235150071916877010e+02
1.091273642240248165e+02
1.040033078020795045e+02
7.884711210669519232e+01
1.171825739165621059e+02
1.251760190087933751e+02
1.212521629495887794e+02
1.162999667317877339e+02
9.206371014718281742e+01
1.078046234938768748e+02
1.247542480559590814e+02
1.068771497882586914e+02
6.650456979128371415e+01
1.165372550561030209e+02
1.266247766533454922e+02
7.978924545734535911e+01
9.964350931948730761e+01
1.172651371864577499e+02
9.926120581742297588e+01
1.048361458228680476e+02
1.229087695024761615e+02
1.129541609412182197e+02
9.367883816779917083e+01
9.187772526415564300e+01
8.819382780963788093e+01
1.048454325662533364e+02
9.227901635067560449e+01
1.189270266412768677e+02
1.362923514216918193e+02
1.047774535585119509e+02
9.323433078345919967e+01
1.159327155485195391e+02
1.194857215733855895e+02
1.213484577398307920e+02
1.093153359237781785e+02
9.068344230987975152e+01
1.312941048760883405e+02
