9.686271546651289555e+01
9.404087866990604994e+01
7.915847064243283171e+01
5.531605423229984808e+01
6.449073425855941366e+01
8.125711131959504030e+01
9.115088868058269611e+01
9.262385806318992820e+01
7.496790802657326935e+01
8.284532225319227905e+01
7.241203428064505943e+01
5.738962098234775056e+01
9.908052061870785110e+01
6.813480188048984587e+01
8.428730224944058591e+01
6.895238504054485418e+01
6.588057952470572332e+01
8.117600456054998403e+01
7.479656458567394850e+01
8.945581059040478067e+01
7.746226395952591304e+01
9.835565726318765201e+01
7.181884456060666366e+01
7.259158250587773864e+01
6.090698264203132339e+01
6.120841043990168373e+01
6.644770909276982707e+01
6.562636667627353404e+01
9.487792077641435640e+01
9.821679903170466730e+01
9.959037521483845978e+01
1.030000905399878945e+02
7.415011116318234485e+01
7.142046777596083018e+01
9.146538970930852486e+01
7.313821086525129544e+01
8.192580215239667041e+01
6.390398282064876412e+01
8.797380281060463858e+01
1.022678684556877329e+02
4.128728789364031115e+01
9.725049639845060767e+01
8.886057257060403458e+01
9.556141132782168768e+01
9.248878826246354379e+01
8.612992582925517127e+01
5.574073384789539887e+01
5.383290818791498111e+01
9.455147341223917579e+01
7.707438372735609278e+01
9.096017021457058149e+01
7.297273649943124951e+01
8.770296983018583603e+01
6.430802739920554245e+01
1.094087805972708480e+02
8.643889925408788599e+01
1.235028656945036829e+02
7.555881938552802524e+01
8.615818558588759402e+01
9.637086590570787337e+01
7.289018547880250765e+01
7.105619674308077549e+01
6.051270726647724985e+01
6.670248179355894536e+01
4.188062660917194080e+01
8.171546024946214004e+01
9.692334026637023214e+01
7.472746317870122823e+01
6.943094530881343474e+01
7.700842754898636144e+01
5.908135252460404274e+01
7.230020676158072490e+01
5.770724759421148065e+01
8.363905174801654141e+01
8.298200682215949087e+01
7.111995761323309750e+01
8.086964089224835561e+01
8.739258389955054440e+01
9.066552646497051171e+01
8.477440578379589908e+01
9.187042404328529699e+01
7.037308049444948210e+01
1.085159059765412621e+02
8.771469792769225648e+01
6.624829375037037948e+01
1.019500731003766418e+02
8.238259089986689787e+01
1.033628103514976146e+02
9.142112328402990329e+01
9.473183819530187577e+01
8.016547963837012958e+01
6.459651750015684968e+01
7.654807914426281457e+01
7.809109954686287836e+01
6.078560234280618602e+01
5.424362747711133181e+01
7.339629292365820845e+01
1.011621502449033159e+02
8.354334100968294763e+01
3.728810329016641845e+01
