6.866833382299437005e+01
1.142446900110238630e+02
7.126249124062111662e+01
1.024199015269783786e+02
9.501151580915829697e+01
8.829041310619791716e+01
9.454056490509935884e+01
9.661589422296775354e+01
1.397857864441256481e+02
1.555493392312306185e+02
1.198183607316942414e+02
1.398491189122819378e+02
7.121066668590373183e+01
1.054706066630918002e+02
1.231362848975956155e+02
9.168452073490760768e+01
8.264066684617532133e+01
9.633345465161825416e+01
8.603186616979687074e+01
7.684687620722027646e+01
1.052743808652764272e+02
1.065653605655049887e+02
1.007321393284203737e+02
8.411432774336162765e+01
8.830878301631338445e+01
1.025527965112309658e+02
1.282998237070876826e+02
1.130498623504155518e+02
9.165428774959404734e+01
9.917036945758195543e+01
9.637815090100751547e+01
1.133724557072846721e+02
9.894609049045698157e+01
7.867974588444630513e+01
9.175915814047142760e+01
8.483131366466199097e+01
1.080987733010302208e+02
1.506643712827826675e+02
1.219674794977869539e+02
1.261752205253958863e+02
5.915518115623397932e+01
1.112959261522483132e+02
8.767746357311436611e+01
1.263984141773675987e+02
1.188168435046593743e+02
8.151709412379233299e+01
1.372342689681536285e+02
1.376244563643562913e+02
1.124917159770127455e+02
9.704138882197710814e+01
1.107107633900223931e+02
1.068463372822628230e+02
1.015349233647559970e+02
8.753572370150540394e+01
5.929635481775930828e+01
1.176840851070179923e+02
1.276554711683678107e+02
1.061322403273324397e+02
1.065618110035876214e+02
1.126524133805029493e+02
1.295460433961567048e+02
1.077193073276947075e+02
1.031763457936284567e+02
9.090685673375996600e+01
9.321782888697872238e+01
1.022814266230099207e+02
9.615414267351830802e+01
8.962690264849622679e+01
1.105738498911032792e+02
1.169675956599471078e+02
1.000472365622897684e+02
7.422058680482294335e+01
1.044277651110656819e+02
1.263370868122193116e+02
1.174802709795615385e+02
1.134502415406467435e+02
1.039342221089247573e+02
1.070135032923552814e+02
7.101430518914563095e+01
1.055723645672356241e+02
1.042572212130373828e+02
1.212291892594410569e+02
1.062819151672507871e+02
1.265814162847137681e+02
1.044865603402333250e+02
9.552540869679235414e+01
8.576130055488528114e+01
1.180020348302342938e+02
9.607127365794339369e+01
7.420965568146388591e+01
7.237712215878585198e+01
9.714673964989952992e+01
6.243771482772623926e+01
7.851518523406696204e+01
1.235751507789057086e+02
9.141351902900407822e+01
1.125266268843713391e+02
1.291856711728805749e+02
1.475779933683124909e+02
8.286645429306976496e+01
