2.143721884945286149e+01
1.292242189078194770e+01
2.281288496857855108e+01
3.870486593332243785e+01
4.099118936926574008e+01
3.769132753379695799e+01
7.454312105185680082e+01
4.355032804887630959e+01
3.033288330141942168e+01
4.023937503049669573e+01
3.836574852599762409e+01
3.381483940207695582e+01
4.418909042642818719e+01
3.803967589666385862e+01
3.931929910342989132e+01
3.868867225462757631e+01
6.636628580268373412e+01
6.556838675395694338e+01
3.685864711605228905e+01
2.923851000172381731e+01
1.790177839316108077e+01
4.719145477667866828e+01
1.769225533536415185e+01
4.169534610694815768e+01
4.496977671244061270e+01
4.843414505766903488e+01
2.603347860810055892e+01
3.946225442181496845e+01
5.656778646320432813e+01
2.893847717237387940e+01
3.594935079114999610e+01
2.920250933157033302e+01
3.856601459304549451e+01
1.456635932181507087e+01
4.932301385538885086e+01
5.413983317097854808e+01
5.160832881233964287e+01
3.629076431528430646e+01
5.835549436685567315e+01
1.781991547991854929e+01
5.499834687025752089e+01
3.602962216090227798e+01
5.079371257279430552e+01
5.019242533081069979e+01
9.260812398375811938e+00
3.805105631978815950e+01
4.632702882380975495e+01
4.486435342601475185e+01
5.907432212115296721e+01
5.527504200355799213e+01
4.651927010474195612e+01
4.566081775348305172e+01
7.941857579306481796e+01
4.089827050955179999e+01
4.413920958740664702e+01
2.506829874444355966e+01
4.541014014296846568e+01
4.282472882026559802e+01
6.141761530915781009e+01
4.628529073158798468e+01
4.391202953022381905e+01
6.955811091866394236e+01
5.311605721828653515e+01
3.726694623742034196e+01
4.071172398490152489e+01
3.411063868318275638e+01
3.458213556435908487e+01
3.687699052728425642e+01
5.289903095428888236e+01
2.764860902193451864e+01
5.622200706691391758e+01
4.352608029984729399e+01
3.347000971596518326e+01
4.000532910967130817e+01
4.368723638404886600e+01
4.120016173670816784e+01
4.041626794181942728e+01
5.875877189091936259e+01
3.404477922472290885e+01
4.789875213344781457e+01
5.408994526913103584e+01
3.261287113723764719e+01
4.098531536939960063e+01
3.085860812173182666e+01
4.778521984548169854e+01
4.118383910881417620e+01
5.093586842247025004e+01
4.207408846763922838e+01
3.087631235273984487e+01
4.657283398380932482e+01
7.207705279630229711e+01
2.872638544633583990e+01
3.571806083583614821e+01
2.672022251002598381e+01
5.949653110666525180e+01
2.707271770137488431e+01
4.655754141603490837e+01
3.127693159859369842e+01
3.504397843563143056e+01
4.514976363489951439e+01
