1.768927331623027612e+02
1.147838185388876013e+02
1.563847757932248328e+02
1.407762979101589735e+02
1.430279412338360885e+02
1.383480446243321182e+02
1.856693317806700350e+02
8.413398570566627654e+01
1.353150554048180823e+02
1.419184376042681777e+02
1.147933764712789468e+02
1.488416755605783806e+02
1.428146993770810980e+02
1.184661475608781700e+02
1.605964704443125868e+02
1.394947605741766665e+02
1.511804422754277368e+02
1.377528613575727832e+02
1.749576907895916804e+02
1.555797325272352509e+02
1.180914648884890710e+02
1.445129844493959581e+02
1.358779845561784612e+02
1.481852083766539181e+02
1.456987305459880702e+02
1.547253574871472495e+02
1.778836799182161599e+02
1.700524873239203032e+02
1.220424119704838404e+02
1.616543130475018017e+02
1.323686410343144075e+02
1.219205555078033854e+02
1.357145123565310598e+02
1.613066738535224545e+02
1.149697319998487615e+02
1.448395607404851262e+02
1.197787231167044411e+02
1.307167960023123499e+02
1.525583294352349526e+02
1.546110913524164232e+02
1.621107115763092565e+02
1.473714984712579792e+02
1.579819361967396958e+02
1.853290408242926333e+02
1.257066386490264449e+02
1.074726106591243138e+02
1.461877456801082928e+02
1.518757033422669167e+02
2.043921600522238862e+02
1.536455789430750372e+02
1.578462719820882398e+02
1.768470520580928849e+02
1.598616488506080486e+02
1.315416835043237143e+02
1.433796314053813035e+02
1.358226724473428817e+02
1.713642801272309839e+02
1.407156118910470468e+02
1.344434460372941373e+02
1.699350602805592416e+02
1.381238989963791255e+02
1.661562500490343268e+02
1.293102733430563092e+02
1.154772878787965738e+02
1.813950688924663837e+02
1.287015915755357298e+02
1.353661376139247636e+02
1.480086083559443466e+02
1.534351478519757848e+02
1.024228674206470373e+02
1.338977421339735656e+02
1.006729835127405863e+02
1.534427105747957683e+02
1.192681027632629309e+02
1.439959857056079500e+02
9.069805233249633147e+01
1.433701744649204386e+02
1.867219045969539479e+02
1.275567481181853395e+02
1.265139622039862957e+02
1.180679474257908907e+02
1.477765657284950578e+02
9.828564788078284664e+01
1.662078810055008660e+02
1.697093773316259728e+02
1.512297545006138364e+02
1.539506889716030855e+02
1.398679536098141227e+02
1.416020628258078489e+02
1.152858909947266568e+02
1.322774191800766630e+02
1.547177619589210735e+02
1.612771528340416580e+02
1.432875958047935683e+02
1.743201021354616103e+02
1.707550222274609837e+02
1.207495733502445603e+02
1.396198118304157560e+02
1.208924306448316486e+02
1.270133087503784850e+02
