1.011433036980982081e+02
1.232327474920417103e+02
1.294482303234285041e+02
1.319492310662617740e+02
1.446860764808346858e+02
1.546529281794192627e+02
1.205952682472414779e+02
1.493876407786411278e+02
1.059733387005903467e+02
1.605228574398055628e+02
1.423366348043867333e+02
1.246126001033855175e+02
1.288887196159310520e+02
1.522649310071022342e+02
1.589684596075939282e+02
1.316421722435030688e+02
1.145047602333070245e+02
1.530812773906755524e+02
1.159374315417950214e+02
1.311824608010043960e+02
8.199256048040612654e+01
9.744964382317837703e+01
9.350625733606061374e+01
1.184841364830710404e+02
9.267101911638314959e+01
9.808218207949758494e+01
9.171017436060742511e+01
1.492608888101756293e+02
1.453188980395084968e+02
1.187214225432273338e+02
1.255869008950502916e+02
8.240452753502057703e+01
8.061197543878975580e+01
1.140970855843373499e+02
1.355025851577818798e+02
1.578652872080770919e+02
1.396638020430737868e+02
1.092520030048391675e+02
1.136716793912816570e+02
1.564459947184699899e+02
1.655483238542618665e+02
1.092471031429618904e+02
1.687816918562363071e+02
1.444911205786078767e+02
1.383139264446595575e+02
1.372409158603524020e+02
1.518531408462772276e+02
1.320843400802571637e+02
1.380298521475666007e+02
1.370393332026841051e+02
1.495224438535367710e+02
1.077652197450331073e+02
1.230068571208090162e+02
1.339570739731231868e+02
9.492958859635101021e+01
1.380120184797981722e+02
1.480861008068270053e+02
1.135395206465789784e+02
1.047561915017252829e+02
1.569540319493661968e+02
6.474573560877846035e+01
1.513310525921586702e+02
9.217548251512229740e+01
9.888240601116324058e+01
1.480022766689368723e+02
1.425331985693470358e+02
1.044747901480752574e+02
1.130542381464953223e+02
1.282466302594475849e+02
1.233166096145193933e+02
1.220228462417899635e+02
1.185139507890254720e+02
1.184596596525126557e+02
1.241710681220462789e+02
1.311210199145958768e+02
1.176250280116493911e+02
1.018815779970575193e+02
1.553910249405538480e+02
1.479802560793259545e+02
1.346647040775748110e+02
1.420264385306217605e+02
1.369738108243980719e+02
1.323957871400916986e+02
1.361165606685259206e+02
1.265730308660231174e+02
1.317295504036214879e+02
1.519979782519716309e+02
9.764112371650473676e+01
1.188853614332406892e+02
1.268430813032517364e+02
1.547349640153141195e+02
1.104186018977225103e+02
1.161254506423206294e+02
6.953231795948497052e+01
1.328121400989645053e+02
1.490477836227929629e+02
1.566660135350481085e+02
1.324499090923825690e+02
1.166992967868691551e+02
1.085434104737619805e+02
