1.016645210890085025e+02
1.151288890526822257e+02
6.350186544760370566e+01
1.016577108123064477e+02
9.087743083644258490e+01
6.385881183818271722e+01
1.288214584561159199e+02
4.566527276751344289e+01
8.567223375527697726e+01
7.697679806089188048e+01
1.131874236250566099e+02
8.504000243728795283e+01
5.289593600245315486e+01
7.799414045438403775e+01
7.710304752025172093e+01
9.864923635289262904e+01
7.934734122418436186e+01
8.130351665686494300e+01
1.067186743156165107e+02
1.061569411393008266e+02
7.325851627732039617e+01
6.713835903964370289e+01
9.852589189961014426e+01
1.027556778397802901e+02
6.792694466067490566e+01
1.000180370348311243e+02
1.204869183352972897e+02
6.455450687924407305e+01
7.992674486816726187e+01
6.024387971325674584e+01
8.258666084231619209e+01
7.889182281598372981e+01
8.707332361057800085e+01
7.488796033156710052e+01
9.357241747591513104e+01
9.127573949111304330e+01
8.636618656046431397e+01
8.040014835658985248e+01
9.749806905642924448e+01
1.013970409235981691e+02
1.175946572675111668e+02
6.643880002771082616e+01
7.274787769850414065e+01
4.528729389558591834e+01
1.212547391877653382e+02
9.528957184529394908e+01
9.422876374521952414e+01
7.760450993867760872e+01
6.224684264643855158e+01
1.253703697472603977e+02
9.706571241681952245e+01
7.530345653345054302e+01
9.980871871859319810e+01
6.742435639227646504e+01
1.050475249565225937e+02
8.259360043634194426e+01
6.927855206418365697e+01
1.114283334124528295e+02
1.032711147376102190e+02
9.524143728964334343e+01
8.493297641345567683e+01
9.971333856251195016e+01
7.628924205909940781e+01
7.559311986365763403e+01
7.987569929155085902e+01
8.093824986634061247e+01
6.031674771859650264e+01
1.033693421971598241e+02
8.042367800405935441e+01
7.328862768165761565e+01
1.220960374083316111e+02
1.068234177062944639e+02
5.025781978688263507e+01
1.123512036752780716e+02
1.026826426290406147e+02
1.064369211380075342e+02
1.117899520426116737e+02
7.743834462977817168e+01
9.744476623741250876e+01
6.474873281948114823e+01
1.025668093036924660e+02
9.264112744310263281e+01
9.123361155081312290e+01
8.578547244723681331e+01
1.007922680016525732e+02
8.341293147963968124e+01
1.105139922798321379e+02
9.036141513655118729e+01
7.660033197551904038e+01
8.903768031862242083e+01
9.788430422367848394e+01
8.533302008054370447e+01
1.116800861324923773e+02
1.073720378879293662e+02
7.165069203497256467e+01
5.675052285290389875e+01
5.268453979566557166e+01
7.799868343722341990e+01
7.753374851088395303e+01
6.249793628231765297e+01
