2.038293708519030645e+02
1.621159779036625821e+02
1.594197159012225598e+02
1.639309121219079373e+02
1.304509447502536545e+02
1.712933527507065321e+02
1.874224512517817232e+02
1.901693118180236866e+02
1.826444049215043890e+02
2.006404193256285566e+02
1.411509152667673845e+02
1.413781303206385758e+02
1.736684722172106490e+02
1.526937401275637853e+02
1.495967392022955949e+02
2.209160048588300356e+02
1.740641689758355426e+02
1.502891187512316549e+02
1.820537552809755937e+02
1.700682202413697439e+02
1.898167383092031741e+02
1.728487913982833390e+02
2.006137285862391479e+02
1.601958684422483543e+02
1.901698332562322378e+02
1.239099768016650671e+02
1.505333488071261741e+02
2.085846834875688671e+02
2.152536302015398348e+02
1.945480670762089517e+02
1.649830405987048891e+02
2.091414348725300272e+02
1.978861081172715330e+02
1.737347013076827977e+02
1.475458566665169258e+02
1.763177842013063810e+02
1.513279566402434853e+02
1.833066051957911213e+02
2.201204361145897224e+02
1.710790191532395568e+02
1.968539809994747714e+02
2.314531190795101452e+02
1.895325457195966692e+02
1.626109560058346801e+02
1.529256819109954506e+02
2.005369927849700957e+02
1.544724508388835034e+02
2.078981737125093332e+02
1.952820051048651919e+02
1.747052883489070325e+02
1.900497031826582486e+02
2.074323473743810098e+02
1.970843023273157257e+02
1.709209307876432149e+02
1.680190176859120470e+02
1.723776734595001301e+02
1.834445054407228781e+02
1.853134540245102642e+02
2.266523320312336409e+02
1.841205702665364470e+02
1.543304314354080304e+02
1.857695403913433836e+02
1.282997617250682367e+02
1.394446587523072481e+02
1.837393850161331557e+02
1.676084580165220643e+02
2.527083267143494538e+02
1.889677295906256234e+02
1.083528351669113761e+02
2.270569956423190092e+02
2.117190078523472607e+02
2.171295191143169063e+02
1.767329264012377621e+02
2.051744455856700142e+02
2.063275046542049154e+02
1.897262315928522298e+02
1.862856049921832948e+02
2.048812613882633968e+02
1.853199404588672508e+02
2.165297703041815112e+02
1.029538196997234252e+02
1.565453808286563913e+02
2.589987281434769102e+02
1.779459819743601656e+02
1.693517667206564568e+02
1.666647098877614610e+02
1.779959633006986053e+02
1.659607011930677629e+02
2.403160593096800710e+02
1.747737202176557787e+02
1.475996549402582616e+02
1.519696634888098288e+02
1.767033664946224008e+02
1.554018611572432178e+02
1.916511841424575380e+02
2.224910586794904077e+02
1.281231241878824108e+02
1.650711489411995103e+02
1.213292700804594801e+02
1.958298781351464584e+02
