1.364881312065559769e+02
1.312074921372412177e+02
1.053434979738604795e+02
1.909183332791121472e+02
1.788926765053228962e+02
2.249365537688491088e+02
1.863909128526563279e+02
1.711383954118548445e+02
1.569676375549327929e+02
1.318149823925004398e+02
1.832973115544814675e+02
1.731159301388810832e+02
1.630309178496116544e+02
1.081461025831321763e+02
1.379883770508584178e+02
1.261335210924193575e+02
1.823246868407314878e+02
1.976389615105240694e+02
1.376193328363173691e+02
1.432896291272148517e+02
1.375322248897653026e+02
1.289033527675309756e+02
9.782224127816164128e+01
1.512361577355326006e+02
1.453556707364702447e+02
1.452836399491393991e+02
1.447951279401090119e+02
1.220714125707497999e+02
1.375601780840076174e+02
1.367123673950216585e+02
1.676522786159445104e+02
1.568280536481334764e+02
1.441777025456133003e+02
1.509763984073925940e+02
1.429715438646104246e+02
1.517046163007989605e+02
1.662692978716994219e+02
1.188481413127575763e+02
1.432756136395781539e+02
1.553969103891224961e+02
1.307961697323515011e+02
1.571636674731425671e+02
1.621287418981528106e+02
1.683939938555239451e+02
1.108183028712894611e+02
1.613008309899655615e+02
1.670057866388706316e+02
1.014862558150518623e+02
1.490974863532775316e+02
1.516192940225724044e+02
1.278134610064470564e+02
1.250518596013969557e+02
1.589693637404818958e+02
1.740607728860074417e+02
1.572504051848229381e+02
1.721317502062681228e+02
1.572383700157042199e+02
1.614127285360209214e+02
1.464236143416737548e+02
1.058722137479241781e+02
1.142635887902446541e+02
1.193537415259633860e+02
1.338703648157112411e+02
1.576764730319750925e+02
1.747241386992948833e+02
1.500654111974318141e+02
1.468099850272122637e+02
1.513117279104683917e+02
9.967522015265089408e+01
1.650251127885507572e+02
1.323514233469194323e+02
1.436000714206924158e+02
1.492993680144535347e+02
1.445347599539709051e+02
1.672908721075832830e+02
1.683417550169084791e+02
1.473792036427209382e+02
1.748794557928816857e+02
1.617652369848369460e+02
1.383449153757058809e+02
1.735318307743781645e+02
1.652569455368948184e+02
1.538045602911127219e+02
1.534533800479582055e+02
1.655395746100263352e+02
1.507101327072862205e+02
1.683887553358921423e+02
1.214155199213583955e+02
1.654340334772965946e+02
9.832510836858116932e+01
1.354514038843055914e+02
1.465266202458503813e+02
1.122350166764302344e+02
1.597382457668744280e+02
1.544868670590363990e+02
1.605466958992800528e+02
1.995161432466764211e+02
1.379143492367370811e+02
1.665012468386491662e+02
1.600062643614629110e+02
