1.054518960341523268e+02
1.267923355143598485e+02
1.241080163975796324e+02
8.591633882484286744e+01
1.029590067618547948e+02
1.349187126481224368e+02
7.838907361625086878e+01
1.328076395251955546e+02
1.056546572148221230e+02
1.211462789777880005e+02
1.144157684534902444e+02
8.739667964491880525e+01
9.860935201860637278e+01
1.395777406023428853e+02
1.065631223680046133e+02
1.121693125316791253e+02
1.317175444997014040e+02
8.283151787892400364e+01
1.158710082797335303e+02
1.079788511339871775e+02
1.050636984816615183e+02
9.842247610291835258e+01
1.316735267804897944e+02
1.287456878880367412e+02
1.230404374601673823e+02
8.986879245350911560e+01
1.233866644568016255e+02
1.038065996458504117e+02
7.841826492507547641e+01
1.172790028872963859e+02
9.345612450730665444e+01
1.050208868371692574e+02
8.681175654784317430e+01
1.595771574138658480e+02
1.177524207223007977e+02
1.259004094436657226e+02
9.469739377632863864e+01
1.298541230421890873e+02
1.157497138327831578e+02
1.105420232759490773e+02
9.610251273748006895e+01
1.363566661215877218e+02
1.484198317620787577e+02
9.642608009856618878e+01
9.832730256346958697e+01
9.036161578859523047e+01
9.543024475074133761e+01
1.258541208532559352e+02
1.210429689665987354e+02
9.687231806893363739e+01
1.131183699528815367e+02
9.605521755166611797e+01
9.423469443475794094e+01
9.524780262340979675e+01
1.240294991010194252e+02
1.107797106336144282e+02
1.399010804272465975e+02
9.967683231963069090e+01
9.803475527853673555e+01
1.113374028057309602e+02
1.026642627541220918e+02
1.046844054287383443e+02
1.316535957935750787e+02
1.037970491810408902e+02
1.394515465767327669e+02
9.748271668240090548e+01
1.106776966341561774e+02
1.049028043392631560e+02
1.096320642154498017e+02
1.140963424427824862e+02
1.125633994732129111e+02
1.296759411371087083e+02
1.328789851087036595e+02
9.868009604513821387e+01
7.757007529297592896e+01
1.266130888970622124e+02
1.069056947102268254e+02
1.237257223662024614e+02
1.107242029389627902e+02
1.167243895675826479e+02
9.259019729534256271e+01
1.008690739882373180e+02
1.275383467253286653e+02
1.318895628056477562e+02
1.335314131700975224e+02
1.302732669544723194e+02
1.262461703137139892e+02
1.067135656535870254e+02
1.187825562054442798e+02
9.522736276235282560e+01
1.395012350162807024e+02
8.962888114183064658e+01
7.875417531160891826e+01
1.233994720412892008e+02
1.281010793162691641e+02
1.468153198377360980e+02
1.287003526669671487e+02
1.286443289472321112e+02
1.061106228256059154e+02
8.232945720115208132e+01
