2.178705451341026844e+01
5.364992536936874501e+00
2.943790780410316188e+01
4.742935875798931278e+00
2.603719597867335267e+01
1.976708534907854542e+01
2.133474025295046062e+01
2.972136146870940721e+01
3.083495743255845056e+01
2.340248362470846644e+01
2.831161115056372424e+01
2.407160160309972596e+01
2.513351743523993065e+01
4.382402211071018883e+01
2.794350252098267262e+01
1.646848397233025452e+01
2.223948558233588457e+01
3.746989760100328937e+01
6.744776134148320779e+00
2.716883205767022602e+01
2.219882130907945950e+01
8.423146916254047767e+00
2.700177352711573775e+01
2.718570437782815574e+01
2.192472289408375019e+01
2.086016541178906536e+01
1.367935805147714134e+01
1.851791693031877983e+01
2.260368077669835074e+01
-5.302663132921942690e+00
1.074512285883224294e+01
1.852029084934122594e+01
3.240455812036752548e+01
1.611153661634165246e+01
1.780163338467709977e+01
3.292059568248967594e+01
2.643612841024755866e+01
3.764074685125633835e+01
3.663040335493217725e+01
3.872544085337294462e+01
3.491903394484754131e+01
7.409102907550181527e+00
2.478907044213055855e+01
3.570093488939473048e+01
1.256109323346325368e+01
2.505996438727160935e+01
2.554964220328245972e+01
2.035511609840161995e+01
2.973277476671314901e+01
1.838148902117869099e+01
3.172036822111272159e+01
2.300168215154802098e+01
1.325334731804606747e+01
2.209275493215338670e+01
1.521734641314375480e+01
3.691828300413691011e+01
3.195794567843498868e+01
3.984104703989940077e+01
3.310792839004224675e+01
1.638824739496703842e+01
2.047123105020065736e+01
2.643878431616001734e+01
1.733175407783401667e+01
1.419112435691355856e+01
2.359576511724638692e+01
2.683303914666132073e+01
4.331723182261244176e+01
4.108826908219655394e+01
1.620513412725570390e+01
2.930964628491258850e+01
3.270771283592014811e+01
9.572489527559675082e+00
1.920541942907063060e+01
2.706943225244362594e+01
4.683876066306335417e+01
2.291283127390747865e+01
8.875673859945941047e+00
3.149706789426920750e+01
3.044089466236683705e+01
2.246983813739157299e+01
1.652498887710104825e+01
4.366136037446659657e+01
2.710530371465326027e+01
3.814062649771398128e+01
1.047495892924860073e+01
3.454234221038157671e+01
2.564288350619447598e+01
3.275327036971936678e+01
5.120441360484895199e+01
2.775966703703221938e+01
7.081288200697713364e+00
1.582222659808342513e+01
1.734373673054914633e+01
2.531074094066219971e+01
4.248850819009894053e+01
2.182114629188937016e+01
2.406330291724343340e+01
1.332235010760334504e+01
9.508065931858531883e+00
4.086202257426410966e+01
