1.351056641069242801e+02
1.086720839605835067e+02
1.293664527160397313e+02
1.393061909801874947e+02
1.087838915292786623e+02
1.541046994150116234e+02
1.576788248135459867e+02
1.647343948299269982e+02
1.395913305980466248e+02
1.371195833720685755e+02
1.422385349030639645e+02
1.104503813857638477e+02
1.314858080607221495e+02
1.694629163954934654e+02
1.399327052917575713e+02
1.218631066491643082e+02
1.333186516712747789e+02
1.707110088413719211e+02
1.520711857867326557e+02
1.433456918385135168e+02
1.739465736167400394e+02
1.426572841671545859e+02
1.461739267465222269e+02
1.647166988785124602e+02
1.380990850965552852e+02
1.350505109737716509e+02
1.434433484037827498e+02
1.665345470502479088e+02
1.273887955144000443e+02
1.130304066319964420e+02
1.226985218347580258e+02
1.373435233998993112e+02
1.169263336276505640e+02
1.475863474333464467e+02
1.389737549239992802e+02
1.506858366502132469e+02
1.685457063631361336e+02
1.169034390861782242e+02
1.340799746829743810e+02
1.680190794126208971e+02
9.507642361114685059e+01
1.356289543371962907e+02
1.140897525565412138e+02
1.343742773885800830e+02
1.390274360350579173e+02
1.156952465366225908e+02
1.541133040972750337e+02
1.670975279606516608e+02
1.608535529868754566e+02
1.149724765859100160e+02
1.506187957148076180e+02
9.721717823223826827e+01
1.179967841327588758e+02
1.153320746380313722e+02
1.581001852857496885e+02
1.418628170268902693e+02
1.148918826388230627e+02
1.605350234617466469e+02
1.507413876301365292e+02
1.403208288434886697e+02
1.550951748035356559e+02
1.686701536625586471e+02
1.884912043458049311e+02
1.420731045998211641e+02
1.404251287909011126e+02
1.371858234265936005e+02
1.401228668227498133e+02
1.565531991930944002e+02
1.550395199404753157e+02
1.210033736398762585e+02
1.370646364491210250e+02
1.597409200486226837e+02
1.272456555645502476e+02
1.352057003994748356e+02
1.650230590509410433e+02
1.421779090674841939e+02
1.268248116835316637e+02
1.515272391265247052e+02
1.488657416771474402e+02
1.352747465308882795e+02
1.304681367006941457e+02
1.935463776460814813e+02
1.665338474962367172e+02
1.022397640189438732e+02
1.282521977703405298e+02
1.398177598500945180e+02
1.510936261510738632e+02
1.537268224904250644e+02
1.641742296427455017e+02
1.459045092032933439e+02
1.687371087705666639e+02
1.467262526477231575e+02
1.299992311783620949e+02
1.568157584638364028e+02
1.217049973018921492e+02
1.359369514136745920e+02
1.333450173563725230e+02
1.673973160212492530e+02
1.566903133267642545e+02
1.285187117884653105e+02
