4.802098881536690556e+01
4.908620103181812766e+01
2.475837504176397630e+01
6.820620490139296521e+01
6.833479312654458226e+01
4.444347873109425251e+01
5.702261215214140577e+01
5.513715939235239460e+01
6.528345475876695048e+01
5.167519742741122712e+01
5.192094581166118417e+01
4.804449245784014977e+01
3.303758186242813366e+01
5.739752784136916830e+01
5.503277175698125490e+01
2.340347540165100781e+01
6.942204577838461432e+01
4.346286952102010304e+01
3.375553368340349891e+01
4.648943289238990673e+01
5.176833092341483678e+01
4.142411601507283336e+01
3.931802820544726984e+01
4.133598389063030254e+01
4.573357454823820234e+01
6.731639426328864317e+01
3.263092325451511044e+01
7.989931646788305386e+01
6.670621527276746576e+01
5.940550959467164915e+01
4.843162767788931689e+01
5.905868803492435859e+01
4.762235221741661206e+01
5.861199253530967468e+01
6.405677754130630319e+01
5.564427207728155622e+01
6.322760702953620893e+01
5.395279037481879669e+01
4.236573880904199996e+01
4.558495784114992944e+01
5.533750773890085384e+01
4.006298380368498613e+01
4.687188285634689322e+01
4.111729684289718278e+01
5.409596412567972834e+01
4.906828697500964864e+01
4.242260141504788606e+01
3.751933629088205180e+01
6.181239762864834830e+01
5.008858459826845433e+01
2.765950171474068497e+01
4.096508638401659397e+01
3.976152028109110148e+01
3.863976794099650647e+01
6.928146815426978833e+01
6.086729371387380638e+01
3.770083821640056243e+01
3.704984902290227211e+01
6.739277980051042505e+01
1.930505218416359980e+01
3.363872621409396402e+01
5.458895296304624623e+01
4.330975542845109061e+01
4.196494279920383264e+01
4.170068322289331775e+01
6.801361291188050018e+01
3.170028308251280436e+01
3.138422619399976554e+01
8.623625925727631625e+01
5.527480064054559961e+01
6.173771476592985152e+01
5.443831372960655557e+01
5.961224647415109246e+01
3.166258759784381738e+01
4.804143976271412697e+01
1.645004195470471586e+01
4.726394979621909442e+01
5.302602497736483400e+01
3.667269725363420463e+01
2.242605689852675965e+01
3.547242552577843355e+01
5.154084906364202112e+01
4.986666524028423453e+01
5.802674525109654979e+01
4.076821192296898744e+01
4.198418264849422599e+01
5.606904988032094650e+01
3.930007137891758617e+01
6.906531299480434427e+01
2.883498051084831815e+01
5.656779308588310329e+01
5.344954108796806480e+01
4.084953925186923840e+01
5.568692525447301733e+01
4.000756247405816879e+01
3.922869845975424141e+01
5.610100160782220513e+01
4.304083883414332945e+01
4.870642026067773855e+01
4.402420740732380722e+01
