5.395465352015502702e+01
5.122261629458415655e+01
7.431901767690176541e+01
6.745153758617038875e+01
5.407045351506611297e+01
5.955606638427006772e+01
4.916960756118726295e+01
5.216736711966397166e+01
5.970729549369623612e+01
3.862401968842580402e+01
6.291100891755259994e+01
7.725914511836791121e+01
4.798040648366216487e+01
5.686177289585373273e+01
6.897245743015838570e+01
8.162876140636834066e+01
6.419664701452697386e+01
5.624085479923708419e+01
5.729642819262089404e+01
5.561208477387805260e+01
8.754174093229192977e+01
6.706899146646503596e+01
4.986798649006611583e+01
5.413344248858973629e+01
8.917339190127027848e+01
4.794151900292593638e+01
6.754559493425392702e+01
3.726545922076097384e+01
6.211223448109037548e+01
5.745048562866266195e+01
5.719216934732040158e+01
5.426300441161765065e+01
4.331536565126365446e+01
3.845819959009521938e+01
5.608830038068581558e+01
5.751988431695395576e+01
5.158266206299839496e+01
4.214644461040182932e+01
4.309662150057886265e+01
5.481739498814290812e+01
5.444663950228316907e+01
8.259612180000667081e+01
4.643780559757966842e+01
5.582362279899240320e+01
4.723141238740273451e+01
5.833201776756564527e+01
4.612590957624481547e+01
4.355746853630755311e+01
6.115487408783130974e+01
6.282172753251097674e+01
3.933734261908401209e+01
7.336064577445361579e+01
4.773446807096075872e+01
5.600403166635314278e+01
4.748153282095822902e+01
7.197066064473438018e+01
6.567517791804141325e+01
6.848655527310586422e+01
6.508355539472597684e+01
6.198074139877025601e+01
7.142124174454005470e+01
5.227617538746935821e+01
6.908176522529220165e+01
5.882993503351275422e+01
1.027860338485463103e+02
7.397087330494748869e+01
5.753598952225760854e+01
8.337219241762188915e+01
8.926382250011323549e+01
4.493331948161241485e+01
8.177270957968629261e+01
8.698908603639277715e+01
4.283157607598847250e+01
5.563114005006023888e+01
6.750766973151485217e+01
6.034575447988414965e+01
4.273281835857410016e+01
4.956826600598851940e+01
6.499823142250087926e+01
5.464284604694915970e+01
6.556417896116975896e+01
7.755336949386364154e+01
8.847255145928875208e+01
5.671476290137650267e+01
6.865399917675787833e+01
5.694414674715231683e+01
7.409070333772874051e+01
5.014424559569789608e+01
9.266213163395102015e+01
6.199549568603669059e+01
7.495956892674581695e+01
3.627877990064696689e+01
4.964086433047679492e+01
3.987855103331629891e+01
7.513694116726513528e+01
6.761037237658973709e+01
5.707833024144440515e+01
7.967304428529148197e+01
5.913154770146345385e+01
8.160147504944598040e+01
