4.032139142146075983e+01
2.396817249418551654e+01
2.841057912280700037e+01
2.719330628749867884e+01
3.480581115797385650e+01
3.459449184146281908e+01
3.870707632439592061e+01
1.729857254030335412e+01
3.872424356366519049e+01
3.828299670578927305e+01
3.980241307562422293e+01
3.844550132443652046e+01
3.328891220958249164e+01
5.140425001708101149e+01
4.219104704289155450e+01
4.116574087698778328e+01
3.708583292937101561e+01
3.071792618081310877e+01
2.403565821924254919e+01
2.829514573320576076e+01
4.064540038950817546e+01
2.966624727730990685e+01
4.253345926831225654e+01
3.824338340078861620e+01
3.182538033073304717e+01
3.458941293937206751e+01
3.577317957021672612e+01
4.647877989793185805e+01
4.276605444929801791e+01
2.466528686343733767e+01
1.260050017068256523e+01
2.988277363749499926e+01
4.043019314586823043e+01
2.144507836804005052e+01
4.268791203396085621e+01
4.557785361373008470e+01
3.547983223396833807e+01
5.884439008052078179e+01
1.209653576798231711e+01
4.234480090000090513e+01
3.406816163964163025e+01
6.262171701902139631e+01
6.098452711752079836e+01
3.508138697289478358e+01
3.786791150556501151e+01
4.516956097985274710e+01
4.277022942925503912e+01
1.145938041185898726e+01
3.355233430105916170e+01
5.455941159707753485e+01
3.752116551511173981e+01
3.524263477609500228e+01
4.764445409476499549e+01
2.538545526043534295e+01
4.506253089657693067e+01
4.485487084338426200e+01
1.770062737014596621e+01
3.694269196168274050e+01
5.732198081790387789e+01
2.983054952930002912e+01
3.907782958438411924e+01
4.155772192999385339e+01
4.600345113291690780e+01
2.227503597523827494e+01
3.775611959515700278e+01
5.210335099121405733e+01
5.412856614268202549e+01
3.895467308906734161e+01
3.880556487809921862e+01
3.454044940593924196e+01
4.886061939872691084e+01
2.395764583996164987e+01
4.953680778257967177e+01
2.998383481881410972e+01
2.723720581381322958e+01
3.467107378844729482e+01
4.969363082880990135e+01
3.300270540680962483e+01
2.005935816084234347e+01
4.348793820785504494e+01
2.085935184484798555e+01
6.096438090208982885e+01
4.792441673087476062e+01
4.061627145333922329e+01
4.835247804284429662e+01
3.708262802514739320e+01
3.291058570494710978e+01
2.200308862183218395e+01
4.290218952063283098e+01
2.720690740088831916e+01
1.706355208117410172e+01
5.102952706819125694e+01
4.460606211148987654e+01
3.502952546347105311e+01
4.727043311032520023e+01
4.745605367749146097e+01
3.481489279156433980e+01
3.591706698988078728e+01
4.809602648511246770e+01
5.856558974393475836e+01
