1.362610057390143652e+02
1.441328386368097938e+02
1.478279878459981092e+02
1.473201725952654897e+02
1.245934688747419727e+02
1.075007690009067858e+02
1.461478273709955715e+02
1.123541956442390699e+02
9.055893608110835657e+01
1.278187299053851689e+02
9.608351009781927132e+01
1.424271949182026731e+02
1.188372368701237178e+02
1.458906575792703393e+02
1.123416625584700910e+02
1.734053375785034063e+02
1.110490224732297833e+02
1.115498636419162324e+02
1.593999247902928289e+02
1.550246311052277690e+02
1.369376630932970329e+02
1.224321406285339009e+02
1.176918631286925745e+02
1.188437336662773021e+02
1.220838057076959018e+02
1.350734376594711534e+02
1.595323067472731111e+02
1.250208516703137036e+02
1.633304821550402721e+02
1.460282489739087737e+02
1.292602445622860046e+02
9.361333415239866440e+01
1.197053888352035784e+02
1.335040000391169599e+02
1.275926683893808331e+02
1.330243610685596138e+02
1.244564818394075587e+02
1.589600711590991295e+02
1.213122505683451209e+02
1.014023450154384136e+02
1.324547070398602671e+02
1.371798578461967963e+02
1.635705494418643298e+02
1.388014794009020534e+02
1.226729480105046832e+02
1.581445327732638475e+02
1.073613086734194724e+02
1.045459396767839735e+02
1.483500847836471621e+02
1.554051375504338068e+02
1.253381053644641554e+02
1.581591119108926762e+02
1.052794293379562873e+02
1.368456756521231341e+02
1.626656957091957452e+02
1.375619337443304460e+02
1.427225659324505216e+02
1.474948411555884604e+02
1.482447800547074053e+02
1.489759073344954459e+02
1.430033800023425101e+02
1.227883727087925365e+02
1.198159380726372945e+02
1.498086463598924354e+02
8.569385206113901177e+01
1.139240402516087443e+02
1.223174629905830386e+02
1.338753976701778754e+02
1.400930919553754563e+02
1.497136826397313030e+02
1.151681412663456285e+02
1.057848976445797859e+02
1.129899978940918004e+02
1.787930568659577375e+02
1.531504496962135420e+02
1.355514230167379708e+02
1.222374879668276151e+02
1.343751338955999586e+02
1.443444567353169816e+02
1.157288352958689615e+02
1.536197208451645793e+02
1.455319663132107735e+02
1.602657518742229570e+02
1.050025303797038987e+02
9.421378135561042200e+01
9.040207608256645244e+01
1.202393895952978085e+02
1.712970485244542260e+02
1.551626856421825096e+02
1.555801103147747142e+02
1.320532506737549454e+02
1.317923978507897118e+02
1.271337032308435369e+02
1.383879227915392960e+02
1.276450343636468006e+02
1.807299697972553076e+02
1.173005577779414779e+02
1.192220639444984158e+02
1.547831315447907627e+02
1.195866734703505472e+02
