9.163295744585165892e+01
9.524060500135061602e+01
7.692718909589180498e+01
9.485583780991706249e+01
8.834115077902434621e+01
6.895767944706128105e+01
6.612320754331035744e+01
8.939518303802626065e+01
9.959515118187675853e+01
6.521095155254971587e+01
9.610653491957501160e+01
1.132559131567565913e+02
6.165741651654502675e+01
6.950209184767896886e+01
9.439110697426286833e+01
9.152166161365161656e+01
8.414859857536926313e+01
1.009152490606087440e+02
9.081467371702882474e+01
1.000926248936417124e+02
9.655567923343758707e+01
5.075576078937754687e+01
7.950858095703783590e+01
5.818106956314247213e+01
8.094743731504937045e+01
8.333419184576995065e+01
8.895132861468769647e+01
1.031514444289198167e+02
9.933454485720646687e+01
1.175302640689968428e+02
1.103390949750526033e+02
8.032611341343780964e+01
7.485737185039151598e+01
9.332239942552088507e+01
6.859049948937807528e+01
6.754202205113621460e+01
6.751223820665225617e+01
8.427135432246694791e+01
1.336973842947039657e+02
9.406042321663814221e+01
1.173781265756667125e+02
9.672297743684566740e+01
4.569573560167438586e+01
8.860502922236329937e+01
1.234104400959690508e+02
8.202863645291488126e+01
9.642955850405591889e+01
8.415887102153456567e+01
1.305166277139401529e+02
7.421600368408189752e+01
8.777449673151211584e+01
9.854462332682774672e+01
7.076076100990840700e+01
1.081442957045764928e+02
6.693730891379028947e+01
1.005119516335839620e+02
6.906117938746538698e+01
8.912300558098931447e+01
8.786803807187257576e+01
8.184494816965816710e+01
7.625573630729958552e+01
8.358500614048674038e+01
7.380107318281727657e+01
1.079869420908249111e+02
8.831190984374795505e+01
5.977123589829496098e+01
9.945628433083767561e+01
1.003673065318729414e+02
7.916114356282233189e+01
9.202460587355270150e+01
4.770970077166477097e+01
8.060412087638981404e+01
7.856011592042335678e+01
8.398222574900853488e+01
8.998316015398611967e+01
7.469687460604147589e+01
4.439168192985658834e+01
8.235425620890293885e+01
1.079276374130508600e+02
5.852697599983332566e+01
5.871662107732022662e+01
1.298918572571133723e+01
6.747734125146293138e+01
6.096413060604862721e+01
1.074509568569894356e+02
8.645369602415983934e+01
7.540702857029508266e+01
6.418844234423279715e+01
8.766134641857235010e+01
8.321493834173483606e+01
4.060423776770778659e+01
8.137028914761705778e+01
6.878811161907601957e+01
6.188498561376357543e+01
1.048664944482198109e+02
8.888425962171150729e+01
9.895123641326523511e+01
1.016842308128633050e+02
1.126093569452584973e+02
8.932549393542619498e+01
