6.646733004046168958e+01 2.836693835310817491e+01
1.110097062515327195e+02 3.308877876801830098e+01
6.794847687658398172e+01 3.116828020615594141e+01
9.899471988380113885e+01 2.947916467357564230e+01
9.147027296778591676e+01 3.172812484174210468e+01
8.384048526867590567e+01 3.142677876113659607e+01
9.244784058457422304e+01 3.383894082604649611e+01
9.435892781781653582e+01 3.166002912692141535e+01
1.334912149229002978e+02 3.288919963100324395e+01
1.496534438578966331e+02 3.537301749046167743e+01
1.205042766590888874e+02 3.164871052438810750e+01
1.355584231859271824e+02 3.609328494568632806e+01
6.743899368909238490e+01 2.965506388330949150e+01
1.058902586446317855e+02 3.201647475704650248e+01
1.218093730968774366e+02 2.940624194857403495e+01
8.605295229818898406e+01 3.347278240603638011e+01
8.314939706230497052e+01 2.829319179571782072e+01
9.116073304870893423e+01 3.187168714390849544e+01
8.291302459874877684e+01 3.044330444400134184e+01
7.440330648045900830e+01 3.059528446017586489e+01
1.005912187041842003e+02 3.222379321276115860e+01
1.021572334321528643e+02 3.272736326884295721e+01
9.547788874779874391e+01 2.963123929215737817e+01
7.799284854278361934e+01 3.813394154213969500e+01
8.777679471253516397e+01 3.402524474848466696e+01
1.025560413172385239e+02 3.452324554424815517e+01
1.244699329302618338e+02 3.250823756429208089e+01
1.099044687381637573e+02 3.443002938088788767e+01
8.987705012495102608e+01 3.035862546074023527e+01
9.670394936459672408e+01 3.283243826392724429e+01
9.598054474455913976e+01 3.441677641410443300e+01
1.112569994892690346e+02 3.506832346868824146e+01
9.680806208182994510e+01 3.660901494823450975e+01
7.392954948851864572e+01 3.145718465285132481e+01
8.856471105905059460e+01 3.051500915917404200e+01
8.328031715681873948e+01 3.360917798292994974e+01
1.028556076574563320e+02 3.162145313204067421e+01
1.432520691521376079e+02 3.488780770083479865e+01
1.183627685608017543e+02 3.145045016799811677e+01
1.176525934057924161e+02 3.267001712745824449e+01
5.774901059044351825e+01 3.058408925827060898e+01
1.095336501474983351e+02 3.184242722944583903e+01
8.640371759830605924e+01 3.367607590505170378e+01
1.247235703918367875e+02 3.006698824858851893e+01
1.150219826908971470e+02 3.350975343948009311e+01
7.774139316302208158e+01 3.149820340367613269e+01
1.309552955870957192e+02 3.924796768312720729e+01
1.338232784194730129e+02 3.319327470468242325e+01
1.079781142744374733e+02 3.068178085518438891e+01
9.643080140138332013e+01 2.930143336189453152e+01
1.095650308150436700e+02 3.014064306190926956e+01
1.051594703333424690e+02 2.878555037163196317e+01
9.912126749718136409e+01 3.491325121643717466e+01
8.069459633803111842e+01 3.124645956748988951e+01
5.850560306416442558e+01 3.016083571470424118e+01
1.170402179214210179e+02 3.296674123358866382e+01
1.215796037641469383e+02 3.409534864203666871e+01
1.048357340320367825e+02 3.087110035655067364e+01
1.037409248140589568e+02 3.437563882757257971e+01
1.072271826710093308e+02 3.163872202726326677e+01
1.224844110058780018e+02 3.274327331910266992e+01
1.048723514974922182e+02 3.104999159053120295e+01
1.013652827869210000e+02 3.328534285659424796e+01
8.572283420714290969e+01 3.568924452246111656e+01
9.108174907090210581e+01 3.036979625821303230e+01
1.013889924797959594e+02 3.134312974583800226e+01
9.464908888488945138e+01 3.378256739488843863e+01
8.440188103758721638e+01 3.303365183865074783e+01
1.109568176931903736e+02 3.241308018796419077e+01
1.134476803277238304e+02 3.439976854985120269e+01
9.195139321922880526e+01 3.403860947694295902e+01
7.207903029421746055e+01 3.190647472556269548e+01
1.039483303612383480e+02 3.400862002076261348e+01
1.192156092355769346e+02 3.217354037941941414e+01
1.235715831050832350e+02 3.089310397643184558e+01
1.099897345773295001e+02 3.060896923020644778e+01
9.648271342125040917e+01 3.399702498769783432e+01
9.851992356819550878e+01 3.545899885051471045e+01
6.832986918876410698e+01 3.368171500111594696e+01
1.071597356907850553e+02 3.533019028903844116e+01
1.021165421474892696e+02 3.175780023150805320e+01
1.212143778741302214e+02 3.330101526791690247e+01
1.040910644978817885e+02 3.342633953193350749e+01
1.226830618778362378e+02 3.184646987510918592e+01
1.038215082190392309e+02 3.509516725921056235e+01
9.553373941460577612e+01 3.048131906296890037e+01
8.417830945673213705e+01 3.037001575804667652e+01
1.163419999223387862e+02 3.724373916368260495e+01
9.386331566762555667e+01 3.463096360722188649e+01
6.635906511061871527e+01 3.252145486488443993e+01
6.869980988165313818e+01 3.299552659172140068e+01
9.405847427601376864e+01 3.307442902883342839e+01
6.047556130636418459e+01 3.366422650240424730e+01
7.446289779005995513e+01 3.130826947487827283e+01
1.222341993809477714e+02 3.181686536641223029e+01
9.203680886416807994e+01 3.107923029669984416e+01
1.111603540904469583e+02 3.338482532420759696e+01
1.251814023839221051e+02 3.841819823296573588e+01
1.430047821712802829e+02 3.049676394236805166e+01
8.143285871930872588e+01 3.180065390438216966e+01
