4.515366476169951682e+01 2.434933807835211894e+01
6.277237525168347787e+01 2.545416996607229976e+01
4.607849568298374265e+01 2.401148474635138186e+01
6.294417716213376224e+01 2.272581144637182149e+01
5.197605534239782088e+01 2.428589746656870929e+01
6.309158176818309727e+01 2.008782134253331009e+01
5.083528814661404738e+01 2.517838462351603823e+01
4.912949324709673249e+01 1.781397630204843097e+01
4.066149540252425254e+01 2.173694425920037077e+01
3.518375615638237264e+01 2.474421329243645218e+01
3.838574671991296583e+01 2.275104009210649636e+01
4.154837476865115775e+01 1.938391970273976739e+01
8.701816591922363386e+01 2.576822929294810294e+01
4.981401722880482197e+01 2.836855880230276483e+01
8.748455600836194890e+01 2.118244625137732839e+01
6.227320195023369820e+01 2.431722353669081826e+01
6.531301983973840208e+01 2.638075029197086963e+01
3.442470913487091622e+01 2.301783599021760196e+01
4.261925279535847721e+01 2.412876966923506927e+01
4.681025793402189805e+01 2.474224522405841853e+01
6.171387977239088940e+01 2.018198070369746944e+01
3.804595298797541858e+01 2.657873229082299105e+01
5.722759474831956084e+01 2.527275854578999414e+01
5.971103474218641338e+01 2.888875700262011392e+01
7.176223545605743936e+01 2.812131865854819068e+01
1.974111503369283227e+01 2.181925660058550420e+01
4.232494551734080801e+01 2.082175965710078458e+01
5.855308049232970546e+01 2.391182376562255740e+01
3.219710940575392755e+01 2.494885759905762868e+01
4.839776622570725095e+01 2.302078135130444636e+01
4.010296273062792949e+01 1.923683724135211648e+01
3.932178943124350212e+01 2.400934877140743140e+01
6.451734214151343849e+01 2.427926780516157024e+01
6.951690788092156481e+01 2.097141070583273503e+01
3.204364315616191305e+01 2.078270255298007640e+01
5.822887942957790841e+01 2.308370703352288800e+01
4.183929708691213989e+01 2.489192421402337274e+01
6.356413500071368361e+01 2.062283954055209279e+01
5.758253141677383979e+01 2.347220905320287443e+01
4.980792702694709106e+01 2.141234810200159799e+01
7.623902782818011303e+01 2.338726568620302260e+01
5.416637025812082840e+01 2.079577210925909014e+01
6.179397814769291131e+01 2.642899202783842938e+01
6.289996945556086416e+01 3.100342898655273061e+01
7.070100672022172716e+01 2.667153222293165271e+01
2.464885830248857346e+01 2.367038712283207147e+01
6.262379179816927888e+01 2.765217205259209621e+01
3.614905826726679550e+01 2.271235573618440995e+01
3.790300360934687518e+01 2.284304984483459577e+01
3.638194264021456803e+01 2.147883576020383600e+01
5.580728682818426734e+01 2.553160997733954218e+01
5.140592390123079980e+01 2.467556642450248461e+01
5.121229124555712531e+01 2.219027209455309446e+01
7.867231677574119431e+01 2.323237947075823229e+01
3.795296808216300377e+01 2.266356504379049497e+01
4.403632854519573669e+01 2.572460014298371789e+01
3.080963202350822883e+01 2.122714350343935408e+01
4.429918129817310302e+01 2.298109220059312818e+01
5.752907658604306818e+01 2.457552503154527557e+01
4.913008925563128315e+01 2.051472437148978401e+01
4.499591638490849732e+01 2.251313001052019303e+01
5.960298147392656887e+01 2.339434806913196851e+01
5.809518610909134395e+01 2.283512101063849187e+01
7.881130900254977689e+01 1.923687555090192092e+01
6.268305988092816250e+01 2.749279286153064916e+01
5.571178468750095902e+01 2.136832962164320548e+01
4.745427083050402928e+01 2.225837148047098779e+01
5.523334318659282616e+01 2.315800986179295862e+01
5.986700952518277319e+01 2.537122148018246293e+01
6.700874495351506255e+01 2.727474251826444274e+01
3.278456733413373314e+01 2.527142517659265053e+01
7.854080955609849468e+01 2.543327535174737619e+01
7.272685408802425400e+01 2.916164402636524855e+01
7.022466448961361607e+01 2.470898948089673297e+01
2.099700356379110033e+01 2.047728348425345857e+01
5.835215836036419290e+01 2.621838344595616377e+01
6.087857654888748726e+01 2.775717942355752754e+01
3.723972266705608547e+01 2.635886748400346136e+01
4.103339145115660358e+01 2.196842504660882511e+01
3.520634944937025779e+01 2.339576061813207986e+01
7.182861360158668163e+01 2.509658107703901209e+01
5.276622548081568453e+01 2.589517305660756463e+01
5.152718153667706247e+01 2.218754395844191762e+01
7.375325029417723499e+01 3.057264755024113256e+01
6.427505307943685864e+01 2.312880704722819658e+01
7.559100064171556710e+01 2.446007751376213335e+01
5.836625434074788643e+01 2.865702984471989723e+01
6.604871677094462257e+01 2.709982397892506611e+01
6.514045543150389506e+01 2.342760890602233204e+01
6.084661470931071392e+01 2.173656579566623037e+01
5.319142626681290409e+01 1.935855509226928106e+01
2.984491123867561768e+01 2.034115454114168742e+01
5.745973285549884935e+01 2.401052773727495904e+01
4.836630831418634813e+01 2.588458170280911830e+01
8.215061369660077162e+01 2.456560991722116327e+01
5.776008258661020278e+01 2.317088794766100079e+01
6.784358606371496592e+01 2.593997050139685001e+01
5.267521693052753307e+01 2.450181117556907040e+01
4.791712420677612272e+01 2.195906765914785908e+01
5.950848121669193347e+01 1.993203195066423561e+01
