2.304116050959762418e+01 1.971055480183323638e+01
1.421103767131306483e+01 1.538982379873239559e+01
2.595473539297658405e+01 1.962380945058413673e+01
1.490024694576894326e+01 2.007859899506719259e+01
4.334685473237556153e+01 1.856470541641127170e+01
2.993689021111116588e+01 1.806987267984325030e+01
3.023701699288461242e+01 1.669124681340094085e+01
2.456305009586492005e+01 1.951116230836105103e+01
3.556711619956608672e+01 1.510432042851078727e+01
5.855346334574985434e+01 2.105265737348399213e+01
4.402153265849532460e+01 1.978716636489274450e+01
3.825337529823886484e+01 1.449484833057769606e+01
2.979345196779090799e+01 1.457031181927935215e+01
4.160105519288963905e+01 1.809985231456346355e+01
2.088538252348379487e+01 1.686732916033326291e+01
3.633998206426408473e+01 1.460491747540046781e+01
3.618516097510116225e+01 2.001085466171454641e+01
3.772296631406668155e+01 1.904407063625275143e+01
1.833535089162787912e+01 1.882372173042368146e+01
1.990808383368858969e+01 1.885816138102970640e+01
3.974989260815059566e+01 1.546919310202578934e+01
3.029376558970755440e+01 1.903712024117623969e+01
4.147551279667013091e+01 2.390773757348872408e+01
2.839162448430396068e+01 1.703730676036268932e+01
2.815750209041004837e+01 1.728174423794936487e+01
3.351232724808485131e+01 2.040265937953940778e+01
2.020735401056374414e+01 1.631584942541767802e+01
3.911769919856097744e+01 2.212188764257723861e+01
2.225002014398955197e+01 1.512296028800074588e+01
1.098931940349738845e+01 1.504979974776708040e+01
1.811248383234086390e+01 1.890962801300396734e+01
3.704358887844411186e+01 1.661403309364135339e+01
2.072145895230398693e+01 1.660589846228679889e+01
1.355805016661902229e+01 1.765547022426445167e+01
4.597987508459596739e+01 1.981763661254380793e+01
4.898854135054322967e+01 1.789914821668754996e+01
2.356282068675166386e+01 1.479202798988806045e+01
2.690836728915179421e+01 1.442605718618130872e+01
1.676697577123348992e+01 1.417738764814769681e+01
4.509880366622600434e+01 2.155349353464902507e+01
3.295834936917587044e+01 1.851322342656363773e+01
1.276668242559334665e+01 1.530626623843982337e+01
2.006104710621399434e+01 2.005626594635719329e+01
2.157960992139355838e+01 1.765639145537650379e+01
1.146676777289414595e+01 1.588660249426359528e+01
4.035336628796115122e+01 1.987391949384003098e+01
2.687390129107458137e+01 1.390329134054431215e+01
2.507185267387001204e+01 2.413409594926384116e+01
3.151374836960817305e+01 1.878055862131337150e+01
1.802031899679374050e+01 1.675218038908159457e+01
2.661590279486689781e+01 1.733253100097567412e+01
2.130641189367079846e+01 1.996012878324219386e+01
2.925097811468316422e+01 1.352916893928678554e+01
3.751031765546392904e+01 1.370153560736514642e+01
2.225772770992423233e+01 1.751340469996339877e+01
1.610375861880149984e+01 1.640773349863269459e+01
4.292661795727908469e+01 2.031147612244273404e+01
1.593999251342420820e+01 1.361800123038117150e+01
1.639418771366155880e+01 1.936742205112828685e+01
2.404912721287484345e+01 1.748711200289893952e+01
2.833139623513533323e+01 1.802630782708189017e+01
3.541846207088144638e+01 1.633149168318583833e+01
5.557491595033759069e+01 2.160274627639706679e+01
5.165886181478260397e+01 1.748995058867397390e+01
2.061167466610040222e+01 1.482758243678284060e+01
3.002762082503292618e+01 1.679385680664591973e+01
3.567264776218927125e+01 1.779930260998419556e+01
2.654962232380844611e+01 1.673536372835102526e+01
2.757650627691172573e+01 1.987442590878826820e+01
1.773750916252200938e+01 1.766164214741905880e+01
4.201846703537486860e+01 2.122398522931857201e+01
2.714165091532959906e+01 1.885679307753422052e+01
3.826298407571230342e+01 2.360782321974314968e+01
2.644109910864529667e+01 1.646584222218895732e+01
1.720496051939135285e+01 1.439533187454183505e+01
2.277966434154034303e+01 1.763787492424696168e+01
3.961303798914190111e+01 1.822927886754931492e+01
1.850497577555278994e+01 1.717908365756381883e+01
4.061698218778516178e+01 2.097506771581303298e+01
1.174380791522719036e+01 1.819628551672924743e+01
2.948890525057743162e+01 1.892483459496554588e+01
1.734585918544840766e+01 1.906271154834109183e+01
9.654783187655509025e+00 1.489751452869956339e+01
4.199992657617801228e+01 1.864177610002966645e+01
3.231001473886973230e+01 1.692150619062783434e+01
2.854107713610687469e+01 1.800086328266639768e+01
4.559430715630559661e+01 1.461479528219196489e+01
4.419684465637970305e+01 2.107069086907386435e+01
3.082939471339080484e+01 1.562695402488921026e+01
1.625228912953946292e+01 1.812064164438497826e+01
2.248064866791299110e+01 1.925875904660114202e+01
2.688323159120111328e+01 1.578619999807811070e+01
2.837199576314291960e+01 1.268468861131520420e+01
3.370412880008517220e+01 1.832055260834067667e+01
3.014490973540726770e+01 1.557389394852584807e+01
5.740861800803144455e+00 1.361054121435222086e+01
3.377532329561086044e+01 1.929995756993516665e+01
3.293745794847109210e+01 1.972044142793980370e+01
1.850824092010698507e+01 1.558214432507273806e+01
2.227297606148555786e+01 1.634019340109180973e+01
