6.095770163543877018e+00 1.284419345847926763e+01
1.454354645922399669e+01 1.408230953908079641e+01
1.063713643853962054e+01 9.666085381351901873e+00
1.973087724195044856e+01 1.003712309799042401e+01
2.113390842265909342e+01 1.099969729205569458e+01
9.619304770124723625e-01 5.893240448073670201e+00
1.386593881082884572e+01 1.048369955096507766e+01
1.338229322275193134e+01 1.158505314285695675e+01
2.405511021769533020e+00 6.710369624194862936e+00
1.663330779808143944e+01 1.226189141145654027e+01
8.159365042235432242e+00 1.227304752180718417e+01
5.414390053845395734e+00 1.261184907703860070e+01
1.755607207887666732e+01 8.196805609280712446e+00
9.997561272709873492e+00 1.196636827923889079e+01
9.109107128127361008e+00 8.829952200973462340e+00
1.229952781696996844e+01 5.783144501685596239e+00
-2.869363570208305791e+00 1.171927571706581972e+01
1.344181189679536992e+01 8.775394448191542907e+00
4.999068747810691882e+00 1.103391885686885132e+01
1.135003466549355355e+00 1.183238188044936834e+01
9.586170522687098128e+00 8.987980028166019153e+00
1.630861692200497970e+01 1.266238487354471687e+01
5.260882670874588385e+00 1.471509439559132204e+01
1.668282546766729624e+01 1.236218308082033346e+01
1.612383572118465125e+01 9.812828042415290497e+00
1.162193495385513309e+01 1.096549458662230769e+01
8.174813283103134154e+00 8.808036286281211602e+00
7.972747069029974654e+00 8.940103895848597659e+00
6.283537817774193179e+00 1.324600565331685686e+01
9.643787292039856851e+00 1.198329661831957793e+01
1.047193284800867552e+01 1.051384163995775900e+01
2.429505507213477955e+01 1.140732535411853554e+01
1.887827314165957304e+01 9.607823329840128324e+00
3.900717590169806570e+00 1.044533147371900661e+01
1.017900561397570058e+01 9.952719533948918951e+00
7.637834732713185026e+00 1.056789913108772971e+01
1.709232857393394767e+01 1.160238891147298546e+01
2.491640100350074860e+01 1.237438773648674761e+01
1.567117986623747328e+01 9.324412330295119844e+00
1.317827990325309173e+01 1.376628695397235091e+01
1.866389387179775383e+01 1.435719380032220727e+01
2.220706565378497288e+01 1.351544288462229915e+01
1.379871569325061031e+01 1.008865789343325581e+01
1.543458171074222562e+01 7.589071949223490599e+00
3.814004090434622185e+00 1.078428775910996862e+01
2.145178944987332859e+00 8.982299909273852023e+00
9.164392627746625664e+00 1.477435923919539995e+01
2.958703157372964299e+00 7.658695820333046633e+00
5.080605666048011670e+00 1.012037835085126325e+01
7.986867000149755036e+00 1.245907598502829927e+01
1.200156677344936718e+01 1.395602832354454037e+01
1.308037347476763657e+01 8.501518296610511172e+00
7.448745986638563465e+00 1.231249510074045084e+01
2.156245678357760909e+01 1.342975487920952737e+01
2.136553158301697053e+01 1.051618128403095120e+01
1.762826586401194362e+01 1.366408209010870500e+01
1.312990935774288381e+01 1.119029472622841404e+01
1.336265216528773259e+01 1.354679831860778805e+01
4.077396117860698332e+00 1.432507531632661468e+01
1.075759695426580365e+01 9.861039121393288198e+00
1.089259319064619191e+01 1.100356654773501930e+01
9.706941033765733806e+00 1.011530130324891452e+01
2.353621003138427525e+01 8.769150859124801300e+00
2.308076615432477041e+01 1.443704100327115825e+01
1.650025190029218081e+01 1.505896693422578814e+01
-6.316079390839331786e+00 9.904120612975781057e+00
1.558771178210971620e+01 1.568983051861372324e+01
7.367824987164916628e+00 1.149708047230370234e+01
6.910604908495856513e+00 1.140777851866569215e+01
4.045027814992899096e+00 6.027055445554488244e+00
-2.026268293218966399e+00 1.113331459474281004e+01
1.172434600765626023e+01 1.040565361674116041e+01
1.295291438967278497e+00 7.155444641382319837e+00
3.760078519647247042e+00 8.425791748728000741e+00
8.041346381211704752e+00 9.722659158678911950e+00
1.584142724967822424e+01 1.228435876905704482e+01
4.439386570037210156e+00 1.254859139450783800e+01
4.287293019717278497e+00 1.030041320011123496e+01
1.361434521923512442e+01 8.916505335793257103e+00
1.152255915938538067e+01 9.407587841196596301e+00
6.452518092164659436e+00 9.979600936651126020e+00
1.221647430528817679e+01 1.316401360315960289e+01
1.081718994966113634e+01 9.941976719145616315e+00
9.818424655353650721e+00 8.930074525169755972e+00
1.099688560047001218e+01 1.125554824113257979e+01
1.739093392295488272e+01 1.344253999016423329e+01
-3.643988754702612631e+00 9.032779622718694057e+00
1.518217845738207394e+01 1.163808812550989558e+01
1.110798945425218598e+01 9.538788091804242697e+00
9.092029812320966187e+00 1.465058315121963162e+01
2.649094124125580407e+01 1.084029339360838406e+01
1.255042976487143314e+01 1.584910790986531914e+01
1.093438352091228793e+01 1.015434945410859058e+01
1.957188758582098487e+01 1.008468873002673227e+01
1.888293046205069459e+01 1.008300896303955518e+01
7.743439138852278525e+00 5.849919960777569372e+00
1.158960756733785935e+01 1.014080572913164247e+01
3.374107014826242867e+00 8.602937352074839339e+00
7.146411452326264069e+00 1.172144336775897955e+01
4.650357100452418457e+00 8.155468080896280725e+00
