5.096626035159891188e+01 2.405317377245102861e+01
5.166705308109639105e+01 2.596815821298877225e+01
7.078253251941295332e+01 2.557866972733600619e+01
6.526314967664212929e+01 2.526863908351103305e+01
5.486366756634178188e+01 2.281388764671722669e+01
5.331795016586342939e+01 2.899882078534034591e+01
4.804359563308373282e+01 2.608245699834319709e+01
5.209881544785546481e+01 2.209295476814614645e+01
5.109874081968897741e+01 2.703209256760513668e+01
3.688624570634002708e+01 1.807880281692762736e+01
6.126958339473502946e+01 2.721682284333013158e+01
7.058512204222682840e+01 2.453221724579596597e+01
4.489762107644447298e+01 2.179683022917317814e+01
5.212288548280801592e+01 2.732420978747225604e+01
6.856828227983342572e+01 2.343565199513150077e+01
8.030296390110473226e+01 2.696704718591530892e+01
6.264287523043127948e+01 2.493998042245276991e+01
5.131328291145604226e+01 2.155995706640766585e+01
5.404053600408377633e+01 2.505091460575771123e+01
5.202424103818518830e+01 2.405585900047774572e+01
8.599448858086847736e+01 2.275870686129078990e+01
6.486479170911438530e+01 2.646769512417121817e+01
4.536903002622892700e+01 2.595376395101840572e+01
5.344732222069321637e+01 2.836527143341258395e+01
8.479428504342490669e+01 2.681187821824866901e+01
4.499735490836000196e+01 2.465051660563158720e+01
6.726055224650626485e+01 2.281132575486999059e+01
3.761239723011389202e+01 2.328553328573363856e+01
6.144863553139942525e+01 2.135347034133968336e+01
5.778627998870543792e+01 2.683636443172046171e+01
5.675609075801391157e+01 2.866577574803079642e+01
4.909930799565169224e+01 2.188447262877084398e+01
4.201701505684703619e+01 2.139404796129959507e+01
4.129523927125175931e+01 2.513810418659441837e+01
5.630158321325590265e+01 2.474253728751251202e+01
5.735110563393712368e+01 2.042911203469334325e+01
4.513760179126099814e+01 2.801472016002454168e+01
4.460623624658294517e+01 1.989381031236638009e+01
4.300878500752479283e+01 2.115881720032025370e+01
5.387255064690711492e+01 2.759388499251722493e+01
5.203275576699895311e+01 2.417127245977912509e+01
7.888340866631700976e+01 2.878284743419528269e+01
4.531721869662192148e+01 2.471090610776280272e+01
5.811083068929795559e+01 2.735594432996811776e+01
4.864545969867880615e+01 2.411990907894892899e+01
5.508975954085897087e+01 2.272956719293655681e+01
4.138509711782470646e+01 2.519990633409863179e+01
4.553259162500475554e+01 2.416873306948981792e+01
5.706635804594606043e+01 2.392663118304016479e+01
6.049625118411486113e+01 2.188936765248856631e+01
4.009859178153105574e+01 2.331742305822579198e+01
6.723635506574804310e+01 2.501645372011502388e+01
4.606594213582162212e+01 2.115545493942852318e+01
5.392259499095538899e+01 2.772114066553217882e+01
4.231955593469636057e+01 2.394685110039563725e+01
7.000777833400674410e+01 2.118227552917181455e+01
6.468513472748445281e+01 2.540595906190122477e+01
6.902249351631444085e+01 2.323270294834483707e+01
6.359952075156054008e+01 2.712814184916867433e+01
6.051139404030580948e+01 2.063525307333251035e+01
7.164027182351907186e+01 2.349066839705981735e+01
5.016267872910307801e+01 2.632290908942364283e+01
6.626591589007850303e+01 2.119049388031013947e+01
5.686216247365041454e+01 2.865432114929083696e+01
9.953384301544683410e+01 1.882391095783043511e+01
7.350041638769680219e+01 2.129197229919438072e+01
5.534861624033958805e+01 2.150125937365651296e+01
7.786179314376218485e+01 2.840774242239976033e+01
8.689818827622806907e+01 2.269839055978494358e+01
4.215004882489176197e+01 2.107025282879884642e+01
7.999073655206414912e+01 2.485598124323635005e+01
8.210358635963079621e+01 2.848854768284427408e+01
3.923682756669739291e+01 2.124720643265157349e+01
5.212474607383516911e+01 2.466091809428873205e+01
6.275752204590214234e+01 2.447195843578439067e+01
5.763098056289199889e+01 2.366732713259636256e+01
3.953545785756497821e+01 2.237838770159062562e+01
4.266823342512780926e+01 2.536458945399826348e+01
5.790374614351460281e+01 2.000940686608609198e+01
5.434310191063453743e+01 2.391782489769431663e+01
6.527989861886727851e+01 2.459812402664850595e+01
7.306326691494501802e+01 2.441442546909848588e+01
8.597313224294723000e+01 2.943992655373083522e+01
5.723233167217127004e+01 2.483870622815733853e+01
6.647671989631933798e+01 2.470863956973456155e+01
5.451380564391962480e+01 2.551811771792395334e+01
7.403772612623086502e+01 2.509449869411878353e+01
4.406802326084657295e+01 2.352885534521582400e+01
8.786990707676108059e+01 2.211966025066327290e+01
5.687413965547793993e+01 2.769070390266391257e+01
7.261530736948525089e+01 2.262350951779000496e+01
3.172830487759324569e+01 2.584912270845997284e+01
4.657430772691606791e+01 2.309494553243769843e+01
3.938519145735095606e+01 2.116626033217035641e+01
7.281755152666268316e+01 2.307372762101603669e+01
6.008161500979822733e+01 2.456411951865787557e+01
5.631620527176870894e+01 2.351546658724077687e+01
7.482558716674664367e+01 2.504914959628380444e+01
5.672061241193671322e+01 2.679171297328862522e+01
7.802386058603606500e+01 2.305354585003329149e+01
