1.720883061955356084e+02 3.740496977513183907e+01
1.105312378956424055e+02 3.361319253531654283e+01
1.533647028333363096e+02 4.159330259816933051e+01
1.338931991572512459e+02 4.358313250112442461e+01
1.414301323976049218e+02 3.833727465148424329e+01
1.320847072847403467e+02 4.053678281592052457e+01
1.842348057049609338e+02 4.352174408683336537e+01
8.319578778710771871e+01 3.291858799069093067e+01
1.357572200170318126e+02 3.453966256863267859e+01
1.394847690258582702e+02 4.027113373992365553e+01
1.098609364866152873e+02 3.816942931479227497e+01
1.462572630327905756e+02 3.952749042677328362e+01
1.385422482153769010e+02 3.720386648949325803e+01
1.159493687524957153e+02 3.882812610606767834e+01
1.546591355880150047e+02 4.259094536679021559e+01
1.371360470204567150e+02 3.639026588390351691e+01
1.498386635588683191e+02 4.023180123131761832e+01
1.331933264385134805e+02 4.024994815116208713e+01
1.708762373744900742e+02 3.990737786562097966e+01
1.498468417001335524e+02 3.713141719445393818e+01
1.182423916717140031e+02 4.081882539215609995e+01
1.438802822609312955e+02 4.083892539105168140e+01
1.333191693535148374e+02 3.879431495327205681e+01
1.454979535028258795e+02 4.216032321974034858e+01
1.407262167899938277e+02 3.516623813740908133e+01
1.530585178239139452e+02 4.254988277455247214e+01
1.751152099261523745e+02 4.172559162426713897e+01
1.680739187325096111e+02 4.126661062435196925e+01
1.246211227166622706e+02 3.620407566212318784e+01
1.637384953796352249e+02 4.066671135412114069e+01
1.263069878879551027e+02 3.847820061195410801e+01
1.189658112921273272e+02 3.717130098046211373e+01
1.288063914495559743e+02 3.976241628712131870e+01
1.513605055495423812e+02 3.892482752756009745e+01
1.135264765844059127e+02 3.673656618566362653e+01
1.360136507375674455e+02 3.803158667290738748e+01
1.182612031520957316e+02 3.470316850304312339e+01
1.311609364491348799e+02 4.034799201943962998e+01
1.498965356040855283e+02 3.946986367953798691e+01
1.493561292888547882e+02 3.823370336569840333e+01
1.606676234896430344e+02 3.547422186597118099e+01
1.440711558951409188e+02 3.943737903347946627e+01
1.588691499007011885e+02 4.345003122763186099e+01
1.838655443476889388e+02 4.272287700321566462e+01
1.237770649992819187e+02 3.810693270113476672e+01
1.052184761947046070e+02 3.805272365252231737e+01
1.431662782928632396e+02 3.795161026650508518e+01
1.472926432605389095e+02 3.754797076886577401e+01
2.016242221401214181e+02 4.064401432192798325e+01
1.482034890809705701e+02 3.958370793180247915e+01
1.521973915621255173e+02 3.932973574570670650e+01
1.750676135055758209e+02 4.042733919141045362e+01
1.562603599817124689e+02 4.226831057448288931e+01
1.300095236063960726e+02 3.729948381683521319e+01
1.384431142625657856e+02 3.971713386066494422e+01
1.309553992608582007e+02 3.993377836121428004e+01
1.704569594607196450e+02 3.883024861082162005e+01
1.344240596056277468e+02 3.580191718699910552e+01
1.326822136310135818e+02 4.174661697795470872e+01
1.665312551874694975e+02 4.325939898641917125e+01
1.309627308113231550e+02 3.930661589822685187e+01
1.647642549415569420e+02 3.683137502679620923e+01
1.287498749690757336e+02 4.127793428821644284e+01
1.130289396717735286e+02 3.650415851464530448e+01
1.754131295284041130e+02 3.652392499895423583e+01
1.279015909543454370e+02 3.641466485266546016e+01
1.329347695868265475e+02 3.512824113622428257e+01
1.467774279970097950e+02 3.648006881516189992e+01
1.491505415229035520e+02 4.254699116989344532e+01
9.932165881860579759e+01 4.199816752882673399e+01
1.348975847567157018e+02 4.029199478540813573e+01
9.725438713512514255e+01 4.065902341333428893e+01
1.549209458286136396e+02 3.516004750926310152e+01
1.188778479806671129e+02 4.041225871672565972e+01
1.439458175678551868e+02 3.469179935050141950e+01
8.262024657601436672e+01 3.801666623771122744e+01
1.394941186608786552e+02 4.051635699565795079e+01
1.818520926279639411e+02 3.498433159797141911e+01
1.246142045225365251e+02 3.899358184426196772e+01
1.229420770678985235e+02 4.150564804838252542e+01
1.173687452778873563e+02 3.396867806869106232e+01
1.402164483913926460e+02 3.790798951880510259e+01
9.606177495612811867e+01 3.688741661147361128e+01
1.633380426360445199e+02 3.714571552214698613e+01
1.672492373674352564e+02 4.215975015834479223e+01
1.468903733487534566e+02 3.929512440512485938e+01
1.464840145277694887e+02 3.901708361465745867e+01
1.403819910651528176e+02 3.557981965364372456e+01
1.391102247847513809e+02 3.977700743057398824e+01
1.088858722687050289e+02 3.390519236471024556e+01
1.302167392575359770e+02 3.490013692255266875e+01
1.511534181323516179e+02 3.857426089829872495e+01
1.617186094204050448e+02 4.038191590661528352e+01
1.352492270911199626e+02 3.537454671092346814e+01
1.748493629323459686e+02 4.284685818658285683e+01
1.657939275706169440e+02 3.948226512545866740e+01
1.176112940151683119e+02 3.667823765628652666e+01
1.306743040965968987e+02 4.334383503530972348e+01
1.156431798330499277e+02 3.538506659122985099e+01
1.270263381349175660e+02 3.892095574870578645e+01
