8.744556869780907959e+01 2.718327664468034754e+01
9.380141253274321400e+01 2.686611420450769572e+01
7.602105071455326879e+01 3.226750436317813353e+01
9.377328236423493024e+01 2.958118462512669922e+01
8.271882467020277829e+01 2.962811152567164896e+01
6.592884703361247034e+01 3.153053685385093985e+01
5.997155835812104385e+01 2.953087776854455271e+01
8.741662583462044722e+01 3.200176191827710426e+01
9.931669901733758365e+01 3.060035383959924005e+01
6.658795018393369958e+01 2.499787273827226741e+01
9.291980038950853782e+01 2.704081345060677677e+01
1.074832637570854672e+02 3.250822467302327112e+01
6.153830278438820756e+01 2.666693785479544943e+01
6.278811538155895278e+01 2.522028468469509477e+01
9.253968549070393124e+01 2.946839457051633815e+01
9.154979513043234363e+01 2.742903087902722703e+01
7.503503332822558036e+01 2.946577684187503721e+01
8.918737352046042588e+01 2.874373509567515228e+01
8.523977597984222143e+01 2.284789901470382034e+01
9.401794252346411440e+01 3.041708412541983719e+01
9.006301076054361943e+01 2.869336231854335395e+01
4.925526441572866077e+01 2.786856145947002616e+01
7.685680761711195430e+01 2.997803754569454782e+01
5.631920613265475595e+01 2.536142481769555701e+01
7.882027320142672977e+01 2.805311573141569426e+01
7.749785450652187535e+01 2.612714478955136954e+01
8.550801453909896566e+01 2.997138707717108019e+01
9.868268627917477431e+01 2.865660318867750078e+01
9.675738187062651718e+01 3.006380531093568109e+01
1.133113835929864734e+02 3.238128560280654966e+01
1.063326099422954201e+02 3.081595555292210520e+01
7.404754753941651302e+01 2.927329743064328937e+01
7.227251395264873679e+01 2.683343042184744576e+01
9.141940892332480928e+01 2.708311866280422109e+01
6.637796884787478291e+01 2.726477564628087435e+01
6.339472368844393912e+01 3.023443777009566347e+01
6.346186383819405563e+01 3.032348967469568635e+01
7.594233528162148161e+01 2.760230043136139244e+01
1.251588901207964000e+02 3.331366956459021367e+01
9.231629348454778494e+01 2.762532619700232672e+01
1.137984324113309782e+02 3.041115954659604981e+01
9.570464744106169519e+01 2.898787167935301667e+01
4.407627905202836871e+01 2.677563406910057964e+01
8.385276065011619551e+01 3.195715954815883109e+01
1.248494501010864752e+02 2.699261260661306494e+01
8.028532126803263225e+01 3.109797250717925721e+01
9.166446943904037425e+01 2.795636186778860832e+01
8.417529970673157891e+01 2.994379193490916791e+01
1.193489948687374635e+02 3.217449658756288500e+01
7.210353383730858923e+01 3.053044492092517714e+01
8.131484024146236322e+01 2.969609471202051765e+01
9.040880079262528568e+01 3.027509872632304067e+01
6.864589852555309335e+01 3.195829434893536458e+01
1.071429638569112655e+02 3.037437709164628430e+01
6.845804862986227590e+01 3.237207078231121216e+01
9.530696856740939893e+01 3.187314002032868387e+01
6.613222824303731784e+01 2.858967367793335157e+01
8.485346214113664587e+01 3.119540575344490563e+01
8.156241723481230110e+01 2.431574832751175563e+01
7.957726933622102194e+01 2.508400742437275355e+01
6.789815493683506986e+01 2.905690868879709399e+01
8.426486321613560904e+01 2.973133659524282990e+01
6.917039785865802060e+01 2.735394710861659817e+01
9.810188914082654321e+01 3.236981054299468497e+01
8.487474806524694770e+01 3.198602972967410096e+01
5.690556688989779133e+01 2.540975435636175206e+01
9.396775698485160433e+01 3.053113970073908590e+01
9.438363656569934790e+01 2.720509076011083138e+01
7.901707782857180007e+01 3.348465203754160768e+01
9.037826716030311047e+01 2.951746851985941689e+01
4.645225868000380842e+01 2.949478484915019649e+01
7.737254828005360707e+01 3.548786805318841431e+01
7.481900037942202175e+01 3.235638103626126139e+01
7.749368742015920475e+01 3.408078560166839566e+01
8.707420930370996359e+01 2.785497998743526082e+01
6.939664861683741037e+01 2.990155123852086305e+01
4.826151958579257695e+01 2.472689201080224564e+01
7.834394318543728275e+01 2.862356657250954584e+01
1.038972291768829592e+02 3.078213078132480618e+01
6.126625168691917622e+01 3.233168763460207629e+01
5.203342585000742559e+01 3.250777416189318814e+01
1.185645060956158581e+01 2.274330798494539962e+01
6.308953609841342569e+01 2.661103020645155226e+01
6.307912053995001145e+01 2.889749210292761106e+01
1.031586539661298758e+02 2.704573688353918826e+01
7.951401786192602117e+01 3.097299074389873752e+01
7.090537923381721441e+01 2.591000936691926526e+01
6.253982123725682385e+01 2.903570930028411468e+01
8.787885031629885191e+01 3.058349888159623831e+01
7.987325997084073492e+01 3.038551688844021115e+01
3.752835479672862817e+01 3.401859311555628551e+01
7.673196720725145781e+01 2.584905179046917567e+01
6.783270195968141536e+01 2.677162750644849964e+01
5.642883111429515708e+01 2.693558536735109143e+01
1.039006810062410722e+02 3.212308205227778046e+01
8.528454363337226596e+01 2.983292342553860621e+01
9.996562328993138635e+01 2.678850861312642806e+01
9.997807132914546457e+01 2.661587520716794231e+01
1.039000360051987144e+02 2.848945628289193976e+01
8.639049103604611446e+01 3.326062785296510782e+01
