1.383514688331265461e+02 3.252909753073411991e+01
1.393134270793058249e+02 3.695883161430139552e+01
1.398994273227072824e+02 3.476637578443908438e+01
9.455160939640286699e+01 3.479574789307805105e+01
9.489723888282269115e+01 3.455780652382797058e+01
1.233350612351352282e+02 3.475015258016095032e+01
1.344695091472975719e+02 3.795305263887290437e+01
6.403774863975269227e+01 3.353894501226890412e+01
1.100392852209380408e+02 3.780048346083103183e+01
1.171961946974720803e+02 3.596812903672109485e+01
1.368005125444803980e+02 3.899623142249973284e+01
8.791557623743062777e+01 3.731709536695283447e+01
1.218407304638870983e+02 3.217428500230519006e+01
1.025581342994420453e+02 3.584088192103869375e+01
1.178392115093626131e+02 3.451758078917173833e+01
1.076816701231517328e+02 3.454727304917390995e+01
1.524071303530257637e+02 3.668976167759080909e+01
1.296752412912309751e+02 3.651457817423847985e+01
1.126701645536139864e+02 3.414988225154609580e+01
1.183974961395513077e+02 3.622603642911429489e+01
9.761808037107284974e+01 2.834031113282559389e+01
1.046314341133956134e+02 3.664665479812999394e+01
1.558926870003769523e+02 3.846216407095923273e+01
1.384357180229592927e+02 3.812811559834010211e+01
1.233013569843583781e+02 3.558700813277444297e+01
1.398653825687166261e+02 3.539930600441299902e+01
1.275259006154305581e+02 3.718220415080921981e+01
1.081843317324707954e+02 3.295650558863297164e+01
1.052612164032240401e+02 3.276783238310963497e+01
7.393847157274198878e+01 3.707145475051869710e+01
1.079646819414991370e+02 3.409591803881804140e+01
1.175539173508527426e+02 3.379345766912015137e+01
9.893164465241629557e+01 3.323500544855635042e+01
1.215542849523060909e+02 3.592928776747884712e+01
1.235092239977741855e+02 3.959563351015829369e+01
1.116245565374159270e+02 3.806703188742862665e+01
1.327528381965101687e+02 3.567914670813468803e+01
1.456727381753149189e+02 3.872472458786837990e+01
9.580220590331499864e+01 3.394857038757773893e+01
1.273678574579379585e+02 3.408087063350686918e+01
9.197760428327782734e+01 3.335046319109299873e+01
1.586290954978095726e+02 3.663221190232277280e+01
1.161133152620330407e+02 3.657581793824892458e+01
1.099035677711362951e+02 3.634538954463599225e+01
1.133660317675008002e+02 3.627039604154145991e+01
9.271332782694715036e+01 3.152838087245371668e+01
1.618422631904912805e+02 3.301728128461076039e+01
6.829284450664380302e+01 3.643638354442194327e+01
1.353530468706716192e+02 3.355598339299493205e+01
1.094879891319666001e+02 3.481460639753025532e+01
1.220253819579500885e+02 3.689940181241584582e+01
1.071106978095437370e+02 3.648189509480383208e+01
1.085387927028384922e+02 3.721871445103122511e+01
1.053588338108274201e+02 2.652229682956477319e+01
1.155087183448213608e+02 3.394207927108413259e+01
1.106214156881341069e+02 3.382901730354488024e+01
9.124510699551800030e+01 2.878178949832955524e+01
1.037868908232018157e+02 3.860661363067286089e+01
1.185283906078916800e+02 2.988012007035290196e+01
1.549073157020274891e+02 3.657228645329070105e+01
1.037073413437333897e+02 3.783944660019044193e+01
1.310691121067094116e+02 3.844553207796099770e+01
1.119006769783706119e+02 3.598567346653309329e+01
1.166563537872462319e+02 3.243224803379254695e+01
7.926261206219786004e+01 3.597169781849090953e+01
1.269321000111195303e+02 3.487397460109011149e+01
1.143851160106654703e+02 3.570202252041438129e+01
7.806952412453198065e+01 3.392458282721607077e+01
1.077539037039805692e+02 3.353081933021710626e+01
1.096947895093396710e+02 3.238576490222325788e+01
1.545455290019332892e+02 3.636255704964020197e+01
1.218679572516477378e+02 3.843239209623024522e+01
1.202955327045130787e+02 3.349369268085855822e+01
1.176808809992958800e+02 3.833460659588796915e+01
1.403220815625627154e+02 3.487272129856103220e+01
1.593171702124942897e+02 3.560423749131047089e+01
1.079893880221628564e+02 3.234998968432076794e+01
1.229077674295814262e+02 3.727377213717618787e+01
1.269020129932002874e+02 3.875055974651341728e+01
8.796744163380435566e+01 3.315527232979724914e+01
1.092715998100450037e+02 3.783566607940585413e+01
1.134558640651210908e+02 3.480517329536500881e+01
1.381082194673971628e+02 3.634110286032849757e+01
1.126402078824959290e+02 3.780583540526492925e+01
1.374511869148838912e+02 3.165248167162922499e+01
1.499553297890367389e+02 3.797496541274787774e+01
1.345564033464965519e+02 3.825762292585297786e+01
1.311960879374204012e+02 3.437395556100245386e+01
1.021059457845783243e+02 3.205643969423812223e+01
1.094069165848524818e+02 3.082359589399288780e+01
1.091460287239555242e+02 3.612877230687924168e+01
7.602993458758341205e+01 3.385782305225870914e+01
1.183675670709519352e+02 3.365678031392867098e+01
1.338857420209591282e+02 3.710721763921159067e+01
1.151099335762619518e+02 3.806128476764732227e+01
1.306224924269772885e+02 3.344611731585418823e+01
8.706889593013292483e+01 3.597654863732913100e+01
1.013566704026255536e+02 3.512085123285896771e+01
1.060484793467483655e+02 3.875385446103704368e+01
7.480075447108863784e+01 3.803913908634064001e+01
