1.038831123963086469e+02 2.782873618268262916e+01
1.023399217146780700e+02 3.156749926306649812e+01
1.060040948848863138e+02 3.041249456311738442e+01
1.038728757504115094e+02 3.225595235543906369e+01
6.232446290521865251e+01 2.920848297416417694e+01
1.076350997141036885e+02 3.210583845740007547e+01
8.180894310176344675e+01 3.036629809091652987e+01
1.169947675480716640e+02 2.878733371251314921e+01
9.090460852605704645e+01 2.774408301426500500e+01
1.078397112299708880e+02 3.552355634087235359e+01
8.096697352716196860e+01 3.146949686066757224e+01
9.471002051045395831e+01 3.234967560972862088e+01
9.640047428958089881e+01 3.211043779463736314e+01
1.167857914992219719e+02 3.077072811787783380e+01
6.858950513015071238e+01 2.642805053163080942e+01
6.960167608895079638e+01 2.852028006391041970e+01
7.252098951650098968e+01 2.668453746449356601e+01
7.951165907292278234e+01 3.023633989150237156e+01
8.975500125800255091e+01 2.994838665757850293e+01
1.180811020540598264e+02 3.470473842336718207e+01
1.045010962219328832e+02 3.249896639215787530e+01
1.160033119858385930e+02 3.222639297033063599e+01
8.313812525832744882e+01 3.443068798032139455e+01
9.303339651894862072e+01 3.560683517748588400e+01
8.795697625318517510e+01 3.409341403556559413e+01
8.444582549971546825e+01 3.229733969553999628e+01
1.323532884735130608e+02 3.274837181307096756e+01
1.193198005678589055e+02 3.324487329693056381e+01
8.485733536753419060e+01 3.399222096409945948e+01
9.449507008183071832e+01 3.575165197710997944e+01
1.201656745192047850e+02 3.271927020669053832e+01
9.005895984962420187e+01 2.946793074730663520e+01
9.846049708817085389e+01 3.828512242274108246e+01
8.689765979056600997e+01 3.325478100194469278e+01
7.809619112515856898e+01 2.683193891800531361e+01
1.053316775932342324e+02 3.092347092098516015e+01
1.204848170374005321e+02 3.654635837599365544e+01
6.571139421975273365e+01 3.085950387631193337e+01
1.181534578992442732e+02 3.591945839400703022e+01
9.223169829801915398e+01 3.192442994294333758e+01
1.203290062998642611e+02 3.372990288025300742e+01
9.852571843037914334e+01 3.215797315577403737e+01
9.453732926453912455e+01 2.931670788719599230e+01
4.983760754164178763e+01 3.498274460990622714e+01
5.738027634047065817e+01 3.338083559095261421e+01
1.001914496443173164e+02 3.026912766015858480e+01
9.070933255749439184e+01 3.078490136296219148e+01
1.354425410735740911e+02 3.425969065718787476e+01
8.750153044968033100e+01 3.391979077698437095e+01
1.029797889194864524e+02 3.082032550696557394e+01
9.233836895819804624e+01 2.921514291014641529e+01
1.012073997940746182e+02 2.651799374007022081e+01
7.868004581896099126e+01 2.917846692448943813e+01
7.482330436713689892e+01 2.781941452643692259e+01
8.542470980325506957e+01 2.740279939438796575e+01
9.151763314840899000e+01 3.456798581071720378e+01
9.014644128739884366e+01 3.111308509045769455e+01
1.129884091166991738e+02 3.451185705386103564e+01
7.448446035766315276e+01 2.599176450941233796e+01
1.058378569654020538e+02 3.212834535124983404e+01
7.461739797262647755e+01 3.042904609027357310e+01
1.313557633087892214e+02 3.632056219087722582e+01
1.209759099685285264e+02 3.658088876439607873e+01
1.065142639865029395e+02 3.207502974930925177e+01
7.775323521277823602e+01 3.040596117113153340e+01
1.136793283598817226e+02 3.288730819765761026e+01
9.851159310180021578e+01 2.976418072985773122e+01
8.334158788357029835e+01 2.931728357112592676e+01
5.646962478270064878e+01 3.228254973137993744e+01
9.626689175346952254e+01 2.880302411671969409e+01
7.895033973687877449e+01 2.767048469861640214e+01
4.984473301945023138e+01 3.066555635866929919e+01
1.219519566630795140e+02 3.053505162173673426e+01
1.089571666758428137e+02 3.356205623465599786e+01
1.255102072451347937e+02 3.058426096196263799e+01
8.798743703955878459e+01 3.057274412982339484e+01
5.595446137032792677e+01 3.084102549160301265e+01
1.105287644904312856e+02 3.348447173391460296e+01
9.330463931665642008e+01 3.408805662968048722e+01
6.943436324878339860e+01 3.183500716597454172e+01
1.020269829208889263e+02 3.323175998672542875e+01
7.248227783283269332e+01 3.125386762821457509e+01
9.028832163272214473e+01 3.158320550878484667e+01
1.368144849023925360e+02 3.406821806528635221e+01
1.045569058843907015e+02 2.910648754752741851e+01
7.451166270342841358e+01 3.506481612588977725e+01
1.035939199074047821e+02 2.816240381121150804e+01
8.428056205818056412e+01 3.067969331810965627e+01
1.199970518587283976e+02 3.099467209814524793e+01
1.074118095938260637e+02 2.515667618591355748e+01
1.230628315163693856e+02 3.575015760020929179e+01
9.602133060120742414e+01 2.912459214258536022e+01
8.787562096607952355e+01 3.206068629519926105e+01
8.477020482497012210e+01 3.330778126486228530e+01
5.938450264632222542e+01 2.812686281151208334e+01
8.261645398905696425e+01 3.320265759113232917e+01
8.922126379390685713e+01 3.690186840017506853e+01
7.173909430505035800e+01 3.250859576454207911e+01
1.003375415991172730e+02 2.817862565028337585e+01
1.147038159615703421e+02 2.986609017816262224e+01
