1.533474768717179515e+01 1.532484559275275160e+01
5.746728392709279376e+00 1.626978705950512349e+01
2.490368086048469465e+01 1.580328792953921280e+01
5.331024092861140318e+00 1.117765151745080487e+01
2.488724532731645311e+01 1.743710381877811599e+01
1.947346799264038353e+01 1.571754430421610493e+01
2.087841941825235637e+01 1.480679065167567821e+01
2.562173151397932003e+01 1.755956562175173374e+01
3.037697310194252154e+01 1.436119871752174326e+01
2.161813657120545074e+01 1.366720765211946897e+01
2.662040051492752468e+01 1.665565776226015515e+01
2.538943389036786158e+01 1.621602730374040746e+01
2.681672469426403893e+01 1.681005444378601865e+01
4.470506233638095495e+01 2.082550160064980105e+01
2.884105784818249063e+01 1.346701769428077711e+01
1.611829191177107745e+01 1.278348834361957032e+01
2.178565205609389110e+01 1.772570422424159275e+01
3.615419531587747315e+01 1.566460722989378773e+01
7.353136123991399486e+00 1.332857382612541386e+01
2.684044158280439873e+01 1.241594434610404285e+01
2.076183119678798406e+01 1.378994280092583402e+01
6.095438191852264431e+00 1.027836460066390778e+01
2.571626703429666705e+01 1.758447525428839597e+01
2.624927065060391840e+01 1.385582149849525280e+01
2.136179623630993873e+01 1.458713632969125484e+01
1.316708531533340576e+01 1.779486738045855887e+01
1.498304321203401557e+01 1.522433564330230382e+01
1.579665936405304194e+01 1.761608113524779995e+01
2.228259515792318979e+01 1.506030791596422702e+01
-3.307253745855503801e+00 1.167064163886365158e+01
9.775561290796712655e+00 1.138850900827260659e+01
2.282707476182605077e+01 1.449833855334005506e+01
3.176455366342815267e+01 1.879346686870410466e+01
1.588829872940723398e+01 1.349905970198394201e+01
1.854789181724427749e+01 1.666932644746546544e+01
3.216960869299374792e+01 1.926040452638257250e+01
2.353428527440825846e+01 1.574117331096259598e+01
3.749541974111928511e+01 1.510035665440147490e+01
3.850553047703602516e+01 1.742138842081951111e+01
3.753773012199992110e+01 1.629909435345339830e+01
3.299092577673712867e+01 1.779327037654317323e+01
7.079653977719694069e+00 1.375237207680704721e+01
1.943767226524305869e+01 1.482447190146448968e+01
3.216354510897188135e+01 1.597131451119373935e+01
1.174242173377158061e+01 1.905552373872632188e+01
2.166021555945325971e+01 1.748662389538506545e+01
2.703216377090491562e+01 1.568856782370222724e+01
2.052066791433272996e+01 1.388963546814776073e+01
2.909975598391831753e+01 1.388491878609533359e+01
1.567190747440125875e+01 1.486682476632904404e+01
2.976558952891720722e+01 1.544691184264962835e+01
2.337217038588707041e+01 1.648909593961393583e+01
1.419840490888293338e+01 1.828823160220001043e+01
2.075340293373641742e+01 1.427710359290741415e+01
1.688693908141351940e+01 1.477781657599438425e+01
3.322343957778179657e+01 1.660596022963553509e+01
3.256567956769271177e+01 1.676790163382071341e+01
3.491145077802279673e+01 1.694950985706254087e+01
2.939368749103813983e+01 1.694825304942858324e+01
1.580922004796253688e+01 1.378679147339819089e+01
2.231662404863300964e+01 2.334357685386440195e+01
2.337672514826014591e+01 2.148078550145222465e+01
1.813763418816331452e+01 1.184307618623753733e+01
1.354222232431041739e+01 1.491617270851649302e+01
1.824749134107182513e+01 1.900301765552115185e+01
2.695492703744914564e+01 1.213598565607707513e+01
3.895951467538496615e+01 1.680060934606642675e+01
3.701145371121251060e+01 1.883323267422612091e+01
1.516292895560504483e+01 1.512291990756591353e+01
2.962448978574752090e+01 1.743358944287768963e+01
3.026830912139075380e+01 1.115056116453100898e+01
1.216800217096878356e+01 1.647832008682823357e+01
2.053056854769546291e+01 1.098579542293295930e+01
2.861714671506030072e+01 1.203364714632169985e+01
4.560691773049932607e+01 1.999004644904063710e+01
1.644357017842183311e+01 1.405482021203160059e+01
9.797331243377646715e+00 1.587163524097566913e+01
3.172763062268166223e+01 1.370199216169203638e+01
2.948727104833663759e+01 1.710531983519991783e+01
1.726915537177810478e+01 1.780298189905135331e+01
1.459495987347749413e+01 1.504820351550269031e+01
4.204230674361713227e+01 1.713748851377778948e+01
3.103884683869477712e+01 1.305479565370798056e+01
3.753871975911348358e+01 1.620717782384857131e+01
9.130395672220720016e+00 1.530537126133008208e+01
3.341323496987280350e+01 1.493777530937461684e+01
2.079137777142957688e+01 1.436922529192977471e+01
3.051052392144952918e+01 1.529186163895633577e+01
4.817462778364496501e+01 1.521815591550138258e+01
2.498602994809848354e+01 1.483718848509139931e+01
7.245240183893492336e+00 1.310745565280407199e+01
1.640913120992448526e+01 1.878421887875535390e+01
1.561940391522881022e+01 9.101120867848353058e+00
2.360515013470056900e+01 1.577200663261168856e+01
3.759567183967974557e+01 1.408527466295363517e+01
2.214717073424367300e+01 1.666881189811991248e+01
2.337702532496761876e+01 1.336055876649746921e+01
1.056053558514634716e+01 1.501255343143885135e+01
1.001985118427577603e+01 1.620151767834725476e+01
4.233615775054326491e+01 1.145483049388553809e+01
