1.384085994021398847e+02 4.103233758485000493e+01
2.169657326714477961e+02 4.061064595819038203e+01
1.468905951898854312e+02 3.604179457194135239e+01
1.335066243266474828e+02 3.950980394845789334e+01
1.598173879015814691e+02 3.670802453487475248e+01
1.407359314739597380e+02 3.805877456266743764e+01
1.603247817236682238e+02 4.458104364225937388e+01
1.736071020068796713e+02 4.015863443676052924e+01
1.611585048085920278e+02 3.946703848098797351e+01
1.754503287597718781e+02 3.867256711083925325e+01
1.481741039304295668e+02 3.590316506532937524e+01
1.937927047426196054e+02 3.983523368904921114e+01
1.762548904271759227e+02 4.026871589901897153e+01
1.171968780149701530e+02 3.672764164473512949e+01
1.521743254158243701e+02 3.743173582492746476e+01
1.997255568173321763e+02 4.229728378333084748e+01
1.866828032858863935e+02 4.549912528809000634e+01
1.522857393163324673e+02 4.357766260585221119e+01
1.396489790903565336e+02 3.308981647451010843e+01
1.508154533164083091e+02 3.674341638260234788e+01
1.172189940618056312e+02 3.922849117983812306e+01
1.631207479884089082e+02 4.242024210293089226e+01
1.330119472360370310e+02 4.147190120395187307e+01
1.624812905074674063e+02 4.187646321372947966e+01
1.491241961870032924e+02 3.813404296564414864e+01
1.082778749005204304e+02 3.943181824566714511e+01
1.267671761480030597e+02 4.177496541746973691e+01
1.586413980222563112e+02 4.057888759155004266e+01
1.712352273402600815e+02 4.360674404874009724e+01
1.215704389410497441e+02 3.975573550818346291e+01
1.350940015698832326e+02 4.183298780495777436e+01
1.335927814875587387e+02 4.030643573641241062e+01
1.756053767306827353e+02 4.067954798884377965e+01
1.638010851214951913e+02 4.183855320210096096e+01
1.254010637330406297e+02 3.968589251283215447e+01
1.152543879656954715e+02 3.866881033772380505e+01
1.826344553382250240e+02 3.944020237302634513e+01
1.948529324785920664e+02 4.210175772081032619e+01
1.345378298481166155e+02 3.610647485637988297e+01
1.204671187443647113e+02 4.275801920606062367e+01
1.490748925419724458e+02 4.038873986295951113e+01
1.064147978259351390e+02 3.750284577299614597e+01
1.414531340803892761e+02 3.823393631230928236e+01
9.630651902593092473e+01 4.008155965479800642e+01
1.629559885212690062e+02 4.202293053393601241e+01
1.904771763640601989e+02 4.137245012017126555e+01
1.519089804463658311e+02 4.051640733832671515e+01
1.200778018475514415e+02 3.648141648531674264e+01
1.689906799630216767e+02 3.757060069733822871e+01
1.518171018248933706e+02 4.084499663273975756e+01
1.373471474667036887e+02 4.446149348006415636e+01
1.435638004090056654e+02 3.933689221865066799e+01
1.772548346874891934e+02 4.231454268875165781e+01
1.695418059763708243e+02 3.921393619682273624e+01
1.448898557317623101e+02 3.966684891507212285e+01
1.800940562788302088e+02 3.839303375854558453e+01
1.381422607110243348e+02 4.052828163653564530e+01
1.210953874415467482e+02 4.074841990262672198e+01
1.612979701605710545e+02 4.541587814106003407e+01
1.707027145804941313e+02 4.405466019826311452e+01
1.620456723718216665e+02 3.930069887416750163e+01
1.352535894285374241e+02 4.198031821607565917e+01
1.248722601827336263e+02 4.386870981029220928e+01
1.732379102137990685e+02 4.026612008925713582e+01
1.870920799063340780e+02 3.922148132380468155e+01
1.432043973761470284e+02 3.819469535425020723e+01
2.086642593723340724e+02 4.045105801167235171e+01
1.428022374595614963e+02 3.684720968052823764e+01
1.535184096010785026e+02 3.698443987106045938e+01
1.832601991871809446e+02 4.306621437393767593e+01
1.500376429742102005e+02 3.735090605225177995e+01
1.621269790351333882e+02 4.010169405432686318e+01
1.657731281409472786e+02 3.972582634130139212e+01
1.306809392773842546e+02 3.845613086123680091e+01
1.676385358920494184e+02 4.416866355723900028e+01
1.798292357108463477e+02 3.864493574126915121e+01
1.546819246312617508e+02 3.782100266876457795e+01
1.821919313884015708e+02 4.472419333671143704e+01
1.437122572403541199e+02 4.110453856287031016e+01
1.614634082713799614e+02 3.987829922450382014e+01
1.953481497779392555e+02 4.425133584322283298e+01
1.196816831051382479e+02 3.675055745372187488e+01
1.472475161825068710e+02 3.709096681317592470e+01
1.903497602847568828e+02 3.976066708812248862e+01
1.739551339137365744e+02 4.243397891547681411e+01
1.521144854046885087e+02 4.032287753832424215e+01
1.791974935364765713e+02 4.203459715481785253e+01
9.201310877504266728e+01 3.689109462066681999e+01
1.571129659653049373e+02 3.700261257697947315e+01
1.061994808254185614e+02 4.240684620728355725e+01
1.353163671109818722e+02 4.045162738789814938e+01
1.363782083176739945e+02 4.048881702092582202e+01
1.141870618780443039e+02 3.876104523208108787e+01
1.603231683796462335e+02 3.877992043239440534e+01
1.785165928196651350e+02 4.296836786586198542e+01
2.009742047086729144e+02 4.572638856844575628e+01
1.591356395544954978e+02 4.137716882087136128e+01
1.488649571621050143e+02 4.073380087499356250e+01
1.248922220848376838e+02 4.054994630038956416e+01
1.272925688784289235e+02 4.094273117188302535e+01
