1.929798961725709603e+02 3.707909675938378768e+01
1.325581610124044403e+02 4.309859493605603831e+01
1.564416097482885846e+02 4.171785842882001560e+01
1.903712167615723558e+02 4.770029486456501644e+01
1.961481317040559418e+02 4.141407406124660184e+01
1.406803008927596750e+02 4.202132415623457717e+01
1.772018712531351810e+02 4.089114472236846609e+01
1.889843294091150767e+02 3.840954236393576338e+01
1.387843850854965524e+02 4.027302754375239857e+01
1.161945610842654446e+02 4.079661689315415884e+01
1.544131969827616047e+02 3.939770819827010939e+01
2.107535450021457848e+02 4.096307289506052030e+01
2.047213354249431063e+02 4.373536427824311801e+01
1.836036631904932221e+02 4.100835955437914748e+01
1.804907518494421765e+02 4.040335557144403822e+01
1.778849077259835667e+02 3.937143370578938573e+01
1.493516908925773237e+02 4.129578955095246329e+01
1.363035466662861666e+02 3.811719342025831025e+01
1.725910380831914495e+02 4.437578991421838737e+01
1.713127768052560782e+02 3.947454947022882266e+01
1.634816094683432084e+02 3.803768377278144186e+01
1.382233182866340258e+02 4.108814600697909469e+01
1.664945654347437767e+02 4.334133854460151269e+01
1.638054264251791494e+02 4.409624744175558675e+01
1.658606326236522364e+02 4.188821155135380536e+01
1.640746503746336202e+02 3.645075547407088123e+01
1.645874207161084541e+02 4.537794493934673312e+01
2.035567282400575095e+02 4.422759000368736793e+01
1.363051880780633383e+02 3.967606193018269067e+01
1.727413074486748030e+02 3.981078662352920361e+01
1.685475024768551862e+02 3.752234331039933579e+01
1.476443752962055953e+02 4.105479439524265217e+01
1.781237006632725297e+02 4.163884120688509682e+01
1.553183440538488753e+02 3.860017330898345733e+01
1.772353707492444528e+02 4.353276207286171484e+01
1.831950619564239275e+02 4.346610704124638147e+01
1.370683678857528207e+02 4.141245675240816126e+01
1.231541948167452318e+02 4.196497582857269748e+01
1.806196352667576548e+02 4.181032644031478895e+01
1.167869381193950744e+02 4.070215237950529286e+01
1.549078818708820506e+02 3.372983237702077020e+01
1.713322196187908162e+02 4.076270522849989675e+01
2.175501497799521360e+02 4.554402358700144049e+01
1.333763887829481121e+02 3.949835357037439110e+01
1.777678257441110645e+02 4.295721193371343816e+01
2.008470361619910989e+02 4.550144783179408847e+01
1.643744403257400677e+02 4.007847384541442892e+01
1.741056470688523632e+02 4.028547097467505722e+01
1.541049045466563996e+02 3.934265030108588235e+01
1.620978345038629129e+02 4.420444582016704516e+01
1.483547411711464008e+02 4.634452651782014243e+01
1.042314842564087058e+02 3.917055733631218573e+01
2.047069410609486226e+02 3.648728083094356123e+01
1.301305934492572192e+02 4.346462950329824082e+01
1.848555260757428584e+02 4.043012541421267514e+01
1.852379328097262317e+02 4.375216197296202836e+01
1.368906335099148635e+02 4.145913357799688725e+01
1.449704264575341597e+02 3.934410661006322840e+01
1.544933131459657432e+02 3.555610795943947267e+01
1.378749294974735733e+02 4.182830272733172450e+01
2.010987408826245826e+02 4.156692552373284144e+01
1.383521884917180387e+02 3.869283400853349519e+01
1.878561787757319337e+02 4.990208349646284347e+01
1.493109849252560650e+02 3.879429697046651881e+01
1.606911968869459884e+02 3.893836032474401065e+01
1.626844539710816946e+02 3.978359824362434694e+01
1.875484003131626878e+02 4.504573964045300727e+01
1.627155606856715053e+02 4.211300631795203486e+01
1.689107766907802386e+02 4.128913679972244921e+01
2.214058676137501891e+02 4.373280403970087349e+01
1.794342061775178365e+02 4.578366996362918684e+01
1.553314013560705860e+02 3.947391536649168131e+01
1.548107144878182169e+02 4.257016676827687718e+01
1.936023841246496886e+02 4.119613874972421286e+01
1.565266283317159832e+02 3.954885080517645690e+01
1.451332122941390992e+02 4.314593296034345116e+01
1.009949386538018530e+02 4.337582929991130953e+01
1.122367653339384646e+02 4.034215599609198932e+01
1.625636280168901067e+02 4.246945724947971712e+01
1.775411471439462048e+02 4.537148978489245366e+01
1.803850633822755469e+02 4.364007655272519770e+01
1.654989716137686173e+02 4.332268808248515057e+01
1.873012991057035492e+02 4.352469592905413265e+01
1.447513169406261397e+02 4.354452921894846185e+01
1.697606141771761656e+02 4.286746581722668736e+01
1.857381710108684842e+02 4.484580887588954567e+01
1.614043518475315864e+02 4.084378080495137198e+01
1.359855615765691255e+02 4.253222682579146863e+01
1.354381264570772316e+02 4.110127118223319798e+01
1.301947031607089684e+02 3.889656505798578934e+01
1.679302640310990853e+02 4.393852426016837143e+01
1.676454981209647030e+02 4.541255157918726582e+01
2.108232852024819692e+02 4.126341535095524193e+01
1.841732082186935031e+02 4.576002164237837633e+01
1.231468277873265151e+02 4.366029710472960801e+01
1.975933404308283343e+02 4.123732474955210847e+01
1.717853114203355460e+02 4.233818882686207985e+01
2.314689577636475804e+02 4.963647874134306193e+01
1.303620044339447759e+02 3.908202023659051605e+01
1.584951771083665903e+02 4.291968798694740883e+01
