9.973546553606921350e+01 3.709543289239048391e+01
1.225237270665449074e+02 3.416395151695879662e+01
1.276839311636602474e+02 3.456787825672284953e+01
1.244518944101199338e+02 3.445918521418606417e+01
1.451924970555668608e+02 3.766958157802959306e+01
1.421505365766139732e+02 3.864550073976307942e+01
1.144476477320795595e+02 3.531784255460226518e+01
1.443988752347574689e+02 3.485877318658962309e+01
1.022214202968979464e+02 3.607132084232247138e+01
1.592799634589817970e+02 3.871513093191390453e+01
1.395203253582006653e+02 4.111587842220363598e+01
1.232970719018574783e+02 3.592144882379702153e+01
1.260517729592157110e+02 3.741709042215850900e+01
1.467730346375481929e+02 3.647323377054104299e+01
1.547870116957564903e+02 3.626920946476018770e+01
1.272725410491175921e+02 3.364986106336349536e+01
1.102738718576016197e+02 3.530813765352355915e+01
1.492298820981699805e+02 3.780459150527374135e+01
1.107233152846495159e+02 3.315067117215195935e+01
1.291530684621617695e+02 3.622752022183839671e+01
7.775263852314003543e+01 3.521501085455842173e+01
9.639421179791411021e+01 3.800564503053597321e+01
9.094774209893829209e+01 3.398404644479727921e+01
1.117068524343411156e+02 3.723438157821035333e+01
8.563566964210706089e+01 3.638843898007134925e+01
9.401910432538096529e+01 3.757405079868089359e+01
8.975469742504274961e+01 3.474184840419214737e+01
1.455269805121340312e+02 3.406871819055533024e+01
1.438616478737500017e+02 3.498841771480876162e+01
1.191074174811666779e+02 3.722490157368752506e+01
1.221823755227915314e+02 3.661241773889028650e+01
8.247070207074777670e+01 3.522698770151190217e+01
7.623890737468754253e+01 3.320279871977908925e+01
1.061707778970498595e+02 3.671631924238112532e+01
1.350789086884332448e+02 3.968797378597331971e+01
1.548202731355143840e+02 4.098761400019650836e+01
1.330078313429032448e+02 3.441587867604287965e+01
1.086542016319374113e+02 3.900724424685008529e+01
1.104920505475751185e+02 2.991073382375127210e+01
1.534255018342311416e+02 3.750598712637953724e+01
1.614433703095952239e+02 3.333359463953890867e+01
1.079238610484872254e+02 3.682616484866866102e+01
1.661493027729963501e+02 3.872607990943390632e+01
1.399410336827507138e+02 3.879822857822706794e+01
1.337174627434546608e+02 3.757902204843193772e+01
1.286036957432742724e+02 3.823129035550999788e+01
1.471310982205287416e+02 3.709475409766164944e+01
1.281605087335472888e+02 3.819537688430028766e+01
1.345444658489870733e+02 3.885894454063337378e+01
1.322571262758492878e+02 3.918162950918497955e+01
1.463863738585990291e+02 3.357139679170222735e+01
1.093883221191562001e+02 3.385971269771767567e+01
1.210679506384149420e+02 3.524592974836647841e+01
1.273855884382712134e+02 3.667911280914227490e+01
9.513994292736408909e+01 3.621837851290800359e+01
1.210668748281334928e+02 4.060576666756986697e+01
1.352918182239260148e+02 3.707359862411122720e+01
1.124301703619148753e+02 3.561610108978550926e+01
1.012621575812768384e+02 3.755963309622876523e+01
1.498906349772026374e+02 3.239735625479380587e+01
6.515245818168102687e+01 3.482877129602482569e+01
1.523032066738738308e+02 4.153637645189856187e+01
9.038011621991992683e+01 3.328971136394873298e+01
9.903245152631328097e+01 3.314363468247827882e+01
1.423364418347995013e+02 4.183860615806220551e+01
1.421695244691733535e+02 3.833708460508677263e+01
1.031504943730849959e+02 3.346634365056522142e+01
1.074672309843385847e+02 3.532880248526123523e+01
1.259833774928791428e+02 3.354430538472092138e+01
1.231865756039492368e+02 3.795210826067323495e+01
1.209759132348915784e+02 3.428281926257775325e+01
1.142339064253743004e+02 4.021193261735275826e+01
1.156228028983619964e+02 3.674968104681595094e+01
1.225698022358607062e+02 3.660357239211118952e+01
1.221344154538308260e+02 3.609955180759687465e+01
1.131854233433187744e+02 3.707101259667612680e+01
9.507744428036862416e+01 3.602865252769036175e+01
1.536232951102075788e+02 3.552153503327065209e+01
1.425295577984626334e+02 3.644730756869855526e+01
1.296029660804186676e+02 3.576835996145618424e+01
1.378995514914540763e+02 3.623952035630030366e+01
1.329131899543868940e+02 4.373545875722189891e+01
1.226491106598194705e+02 3.497488835508414695e+01
1.287900228220162262e+02 4.142562196322274559e+01
1.227906920373429074e+02 3.365374483241382109e+01
1.297135472512537433e+02 3.863147591645297751e+01
1.472548875859037594e+02 4.013042463961903650e+01
9.749702521617398077e+01 3.224754490276142604e+01
1.152807626841677404e+02 3.857117894953762516e+01
1.241173734826797386e+02 3.577983015579018655e+01
1.506845218796639188e+02 3.597494854927595043e+01
1.075693170724227770e+02 3.050124499177364612e+01
1.132028450460805971e+02 3.146067966514113934e+01
6.710376903094991974e+01 3.402693663901404619e+01
1.347758735475161416e+02 3.605674786535193022e+01
1.475284327477676527e+02 4.075159745854633542e+01
1.446750336126725074e+02 3.599457593535007049e+01
1.253154213993839932e+02 3.950591157315734847e+01
1.128026378832190062e+02 3.588160578838589032e+01
1.037018415418245070e+02 3.352879409730451243e+01
