3.923337893106337049e+01 1.826001278147065321e+01
2.534549305928673135e+01 2.063499032599307981e+01
2.429475575042696889e+01 1.788046589219735338e+01
2.733259502098091076e+01 2.052706153627650920e+01
3.331991695837101020e+01 2.392583739400438603e+01
2.633326076494925161e+01 1.957011231086168834e+01
3.610854401457476825e+01 1.616848522655891074e+01
1.699929324000435926e+01 2.049379374045044599e+01
3.609190885441485364e+01 1.598342820825444122e+01
3.516866246494413417e+01 1.900094408111726452e+01
3.616854392603090673e+01 2.371704230623684850e+01
3.663956790097024907e+01 1.682827814302416769e+01
2.724587340649396694e+01 1.529024294070694978e+01
5.069253799247182712e+01 1.626457921419783403e+01
3.806998255249116170e+01 1.973435079534653980e+01
3.890298488047175596e+01 2.048966397970556130e+01
3.952597487817626387e+01 1.808323860424127005e+01
2.841493890731782912e+01 1.957135074680462949e+01
2.418843265804908427e+01 2.070351220479201970e+01
2.752448675228099617e+01 1.449933975579764223e+01
4.288200018936736058e+01 2.258247824372932300e+01
3.027583063367538685e+01 2.091951572023143058e+01
3.977841502020191200e+01 1.747707052338373401e+01
3.327524502800174133e+01 2.061025227654399217e+01
2.639652127189729924e+01 1.895522406832975193e+01
3.270155134212038917e+01 1.829538364687025265e+01
3.798098812814989600e+01 1.631272664759155688e+01
4.482714826900585336e+01 2.120666971757600194e+01
4.069044310232930428e+01 1.832275470982138899e+01
2.443230448606245631e+01 1.676151946502390189e+01
1.327876021349273827e+01 1.785006760501769207e+01
3.008449947729248208e+01 1.637105904815413027e+01
3.639124937877686250e+01 1.967963720881671819e+01
2.328915054460907186e+01 2.390435284985247577e+01
3.872769571993462989e+01 1.901354818891580223e+01
4.473456731124741736e+01 1.917602293761891019e+01
2.934077022835695558e+01 2.308943381581623555e+01
5.874033489333424995e+01 1.944196030503355743e+01
1.461055170324101304e+01 2.354045147722831288e+01
3.654341493069333069e+01 1.950129956088841254e+01
2.691560191834031102e+01 2.056457399854179613e+01
5.784568732652792278e+01 2.105251306193307315e+01
5.513609625793892377e+01 2.766255258995261457e+01
3.446219203794488806e+01 1.600179552635698599e+01
3.763209118589971069e+01 2.012484966990413326e+01
4.285193163826858864e+01 1.959990482861951122e+01
3.731429493627445737e+01 1.910678413470989767e+01
1.148691733227579270e+01 1.596089679381994664e+01
3.042638226363171228e+01 2.063097363460817846e+01
5.452132887052513155e+01 1.901319511721773736e+01
3.230099201738624970e+01 1.951006856290869962e+01
3.389078294158945681e+01 2.030724165448673091e+01
4.036484170556907713e+01 2.560657398478691249e+01
2.461333816600206603e+01 1.893241382363438774e+01
4.851939551923432248e+01 1.702016900196752403e+01
4.271656211798982383e+01 2.156429030573632488e+01
1.800295697059302924e+01 1.460108688434840651e+01
3.179736865522986022e+01 2.078120843431266707e+01
5.150389234604961786e+01 2.021102136358328138e+01
3.126521721239161522e+01 2.077398686911388381e+01
3.659034364088574875e+01 1.615224747333227739e+01
3.823249012299508109e+01 1.825870309347510556e+01
4.161501566188323409e+01 2.197857318169270968e+01
2.175897476584540158e+01 2.247721456868360690e+01
3.715969549829116403e+01 1.522951075312882629e+01
4.898882825442395728e+01 1.489451746228575324e+01
4.724075403609015922e+01 1.994323550425380631e+01
3.690717335243670050e+01 1.553081435790852893e+01
3.616793529030291410e+01 2.607703215654779427e+01
3.295638084575414695e+01 1.871330368478006889e+01
4.582270400428515700e+01 1.759978079087062852e+01
2.495257123430587853e+01 1.917621538313214202e+01
4.725748430274233414e+01 1.873270193586883181e+01
3.075501208396441655e+01 2.170787370754912260e+01
2.556017017205356723e+01 1.507611233289303598e+01
3.584962359286898703e+01 1.983982172464725835e+01
4.905687525617731382e+01 2.185581598323870622e+01
2.817295225728948083e+01 1.719687566633451326e+01
1.722947896353728581e+01 2.116564370209838231e+01
4.242133278246924988e+01 1.878707730976435641e+01
2.493741947338021703e+01 2.178638832807569869e+01
6.362934241711513295e+01 2.728323460771531828e+01
4.321324153905693066e+01 1.879132227797849453e+01
3.765366111240408742e+01 1.961082351299532789e+01
4.515529802779131785e+01 2.133520415075893695e+01
3.587268589111686623e+01 1.826298289226255633e+01
3.177534446401131518e+01 2.303773303038300213e+01
2.491430943411185339e+01 1.889919946183199784e+01
3.633698242689468572e+01 1.801041847613915081e+01
2.660542515159544408e+01 1.897724472931860262e+01
1.535301888806564108e+01 1.600425228036170111e+01
4.545617431305254996e+01 1.860315631940865444e+01
4.222881665781238070e+01 2.425875028348317741e+01
3.100036189083563087e+01 1.905913177050993923e+01
4.767680192922132676e+01 2.153923891174668626e+01
4.648536842919348544e+01 2.243676528253738311e+01
3.549248877892553367e+01 1.869631212032460255e+01
3.399536823733988911e+01 2.017096868273667454e+01
3.946770078540587434e+01 2.302153812361612140e+01
5.740413348765864754e+01 1.655170007204249316e+01
