1.196982657363518854e+02 3.735700013477853076e+01
9.400243961413994498e+01 3.323857483311451233e+01
7.574905913270113444e+01 3.100793449085656661e+01
6.942252869185331576e+01 3.135038804822446679e+01
1.257001096563416809e+02 3.415514491265420105e+01
1.299396028365969471e+02 3.491308179272364498e+01
9.269124409786138585e+01 3.145658751104139839e+01
9.971169997815100317e+01 3.620830413447735907e+01
9.226095969383571571e+01 3.419135461778593310e+01
1.069349558628587005e+02 3.343537726555683065e+01
1.022541735240244805e+02 3.554795591908305141e+01
9.912031303254802594e+01 2.929078917214244626e+01
1.414388447991840962e+02 3.351288955459940411e+01
1.357569434810879159e+02 3.318190054163240177e+01
1.302165690136463070e+02 3.240997032475208783e+01
1.020225546315361527e+02 3.022035425717298196e+01
1.279527448873495246e+02 3.753757801075391853e+01
9.808015210282897556e+01 3.187692332196568756e+01
8.251051667106386844e+01 3.356598077165641314e+01
6.501983583804779698e+01 3.464393938737366341e+01
7.956012227362427325e+01 3.270790908990322521e+01
1.340309017144067241e+02 3.679511315056200260e+01
1.061024946929272232e+02 3.475687429801228490e+01
9.752999075281100261e+01 3.442063737693616332e+01
1.474383012425101356e+02 3.684668096218342725e+01
7.667881588447080787e+01 3.304280440609551306e+01
1.034508094247487549e+02 3.368808613784178618e+01
9.711704761707727585e+01 3.236895537782970678e+01
1.087218958950658561e+02 3.501747999354252983e+01
1.140792054729813003e+02 3.216179942917087686e+01
1.228265926350657651e+02 3.330780309600977773e+01
1.002122870811945035e+02 3.294860539874837002e+01
1.067530271094260712e+02 3.562554511634689192e+01
1.122041528282784100e+02 3.469530365796767768e+01
1.144654135393412844e+02 3.747793292773629048e+01
7.361023610156523489e+01 3.007995313837284357e+01
1.010515861059747067e+02 3.473768886105619202e+01
9.922369308261426113e+01 3.754511952316524059e+01
9.166539887232457318e+01 3.566014281704995170e+01
9.038669070356611712e+01 3.914439351633919273e+01
1.081004772396016165e+02 3.433469629442706861e+01
7.537638312809957597e+01 3.239458782721484909e+01
1.284295318639840104e+02 3.343795042053184119e+01
9.976520965289674336e+01 3.453319258707676909e+01
1.237692080592794071e+02 3.491940573263548941e+01
1.153725570650036474e+02 3.579722289446466732e+01
9.339541912417544722e+01 3.307669449758719082e+01
8.833122354104632734e+01 3.689627122362986711e+01
1.289626907600893162e+02 3.818129353864616604e+01
1.062833442792909437e+02 3.379211058607185691e+01
8.321862023517373075e+01 2.782423161459190553e+01
1.070133642538798568e+02 3.156024220298455418e+01
1.101403333307907388e+02 3.205463514705930805e+01
1.152394338054294707e+02 2.950212248947570615e+01
1.093259015989052187e+02 3.453643018447136370e+01
1.006731436955930832e+02 3.061319257213646239e+01
9.796977517364472021e+01 3.231063869156682244e+01
1.013013162948018504e+02 3.252088065409594009e+01
9.116588043410528996e+01 3.022637217236352569e+01
1.086864633405191825e+02 3.492462363541928738e+01
1.258118647745479421e+02 3.732092266426558780e+01
1.223593850837501265e+02 3.434807271531678907e+01
9.356806491326814523e+01 2.966262196015701136e+01
1.174306948280134009e+02 3.840363593634987893e+01
1.046779782417979021e+02 3.016539952635104882e+01
9.556716992099660501e+01 3.701819757578877557e+01
7.696904653699938592e+01 3.297089906506414536e+01
1.091739236504850226e+02 3.305734000582750554e+01
1.164264013638242403e+02 3.375765730931561137e+01
1.170419593002671377e+02 3.737026040156215601e+01
1.115642597120635742e+02 3.477757244213985643e+01
8.781654997491182257e+01 3.484552767513707749e+01
1.035120088473724138e+02 3.625063580931409746e+01
1.249873461106095931e+02 3.356197932449598653e+01
1.020877916111396218e+02 3.183083635607129125e+01
6.596476276228096935e+01 3.205864956297792645e+01
1.172561749471029202e+02 3.098248569900123783e+01
1.186867934844253654e+02 3.248939538639799451e+01
7.673456980198994870e+01 3.173824968130903201e+01
8.995396647353433650e+01 3.688307638134817523e+01
1.087945216043906527e+02 3.234056326687879590e+01
9.744205835450095776e+01 3.387983652095593357e+01
1.035240314582707555e+02 2.981546707241489358e+01
1.184114868019918276e+02 3.754952067504360969e+01
1.094591194520813389e+02 3.496301790743484617e+01
9.092263842929394002e+01 3.216251087972064937e+01
8.825740533179651948e+01 3.315325748492193014e+01
8.871925284077458684e+01 3.376579642744654564e+01
9.863710778943530499e+01 3.370037062009719619e+01
8.922537228637784779e+01 3.167012561022263384e+01
1.143355301460990887e+02 3.378771241407405057e+01
1.293896309207699744e+02 3.687794139092480350e+01
1.041481558319739946e+02 3.435631632356668064e+01
8.914532008700169285e+01 3.262963859090228169e+01
1.197143530894949066e+02 3.578213288586837848e+01
1.154972788254917333e+02 3.162900702871130676e+01
1.214093256708006408e+02 3.477522385284157025e+01
1.099288506954592606e+02 3.231284080370969747e+01
8.759590872945412343e+01 3.074223390505888176e+01
1.307658437531743800e+02 3.338685415322785843e+01
