1.338221375994478421e+02 3.771513553166218458e+01
1.300929877976705882e+02 3.602050252606982639e+01
1.023584729829184852e+02 3.941855658358146997e+01
1.858527546653218394e+02 3.872447454546583145e+01
1.789731420282761292e+02 4.441325947521404771e+01
2.166476669474898813e+02 4.399825726145019189e+01
1.819657682369195584e+02 3.671286716101338499e+01
1.653960991813212615e+02 3.770160197722999840e+01
1.559227437284995688e+02 4.363085645858618733e+01
1.304891923345664395e+02 4.050420870083648595e+01
1.811210206816842287e+02 4.483811969106105977e+01
1.743689311852793082e+02 3.916893228168711261e+01
1.578590766615889152e+02 3.863001803469519757e+01
1.092788550948093160e+02 3.902425510581935697e+01
1.371869083228079376e+02 4.395478692200268256e+01
1.265633446707441010e+02 3.467384451554509894e+01
1.760644893779206939e+02 4.245176708566222601e+01
1.937565349710183398e+02 3.865960652094953076e+01
1.363341311058039764e+02 4.114726570748866408e+01
1.400517495603985481e+02 3.909805218843850128e+01
1.326901448103679400e+02 3.760723674889523949e+01
1.218254258284450060e+02 3.911012354672749325e+01
9.737713790163982708e+01 4.170622012270430901e+01
1.483505414781230627e+02 3.549618814957418778e+01
1.430812255032203950e+02 4.189784717041845852e+01
1.406888762656680854e+02 4.058306112795991538e+01
1.429724159828613779e+02 3.959095887060158958e+01
1.178163934553989378e+02 3.840255193128572841e+01
1.332330492386437584e+02 4.107148626696189808e+01
1.309604672974184041e+02 4.001415091204336960e+01
1.624878586809436456e+02 4.024480143595299353e+01
1.595844597393069932e+02 4.273876825369086419e+01
1.316330580581946776e+02 4.262282305624406575e+01
1.495319936330514565e+02 4.279449987358142948e+01
1.364237681245831197e+02 4.065550698750119807e+01
1.479773030899856678e+02 3.714266282179917056e+01
1.614610191582693801e+02 3.940895231954917222e+01
1.132727094785565498e+02 3.848155104977114149e+01
1.419042930126179840e+02 3.737532338119866182e+01
1.506792664135586506e+02 3.960539552593038337e+01
1.262176671454759713e+02 4.009759954955885775e+01
1.540272688252339606e+02 3.961864829518520992e+01
1.586743691199416446e+02 4.065128290536286215e+01
1.652277310343518195e+02 3.682335666558959275e+01
1.124220762687920399e+02 4.062504897996407749e+01
1.587616234364664649e+02 4.356402078960250890e+01
1.647066260480093831e+02 3.987054232147382749e+01
1.030128152412192577e+02 4.087776984294121263e+01
1.429967029265394842e+02 4.132946869112782906e+01
1.488906701148676746e+02 4.055463744024241635e+01
1.208207464543971668e+02 3.979552917578521232e+01
1.276657916040769294e+02 3.865125115001921330e+01
1.544344643380797493e+02 3.836601252949471785e+01
1.760809981229126606e+02 4.210008495763680969e+01
1.547138992035087881e+02 4.310006432343992344e+01
1.657154034217799108e+02 3.909603546127148377e+01
1.526902235970480888e+02 4.241334502330939671e+01
1.494776428121537890e+02 3.690324555641251436e+01
1.427265131058626935e+02 4.016812869055988244e+01
1.045881732393282562e+02 3.387913804145160412e+01
1.095841300529248059e+02 3.988124728137035646e+01
1.157222471437393949e+02 3.942929614847226816e+01
1.357363508775147807e+02 3.545707022573025569e+01
1.567573521855959200e+02 3.888264965929490558e+01
1.698837447923936281e+02 3.758694414619076696e+01
1.456614901931127974e+02 4.184284710573329846e+01
1.377841442301368602e+02 4.068985278320287335e+01
1.526795377751567742e+02 3.989199256216897282e+01
9.968738494871278988e+01 3.427233146196786606e+01
1.641110465888255874e+02 4.285968475122487575e+01
1.302645740528714384e+02 4.203397997305837208e+01
1.411177356779761283e+02 4.396176980208748830e+01
1.481409446143756838e+02 4.577125555380900579e+01
1.406396626801329148e+02 3.854779267313440982e+01
1.617066407796362739e+02 4.315453001039692538e+01
1.631250560564196235e+02 3.771263152588669243e+01
1.416921281395017900e+02 3.849033864723096343e+01
1.719824540017786774e+02 3.745243110435094280e+01
1.569225480467997613e+02 3.581732853054788279e+01
1.358485635504006837e+02 3.902318842386653586e+01
1.652936533826633649e+02 4.126928443343140174e+01
1.643952251333927279e+02 4.420356363769573704e+01
1.504821877134529871e+02 3.845837013247466274e+01
1.524337792020565701e+02 4.241255977252259157e+01
1.595904864752180572e+02 4.026373824889211761e+01
1.444353896910484423e+02 3.916459059089808648e+01
1.643581499191590183e+02 3.634878045619090159e+01
1.214310831212110315e+02 3.894350756582230844e+01
1.651576233397645410e+02 4.143342142421702334e+01
9.835018853670165129e+01 3.620088593143783129e+01
1.372022748904377352e+02 3.895918835726642016e+01
1.404056579002448473e+02 4.376305994878229200e+01
1.111152398417849128e+02 3.768915882576793308e+01
1.606505529147875961e+02 4.159037116704671178e+01
1.526819688524123251e+02 3.660161718866402936e+01
1.544561761203543142e+02 3.813254690725963059e+01
1.938483438170259774e+02 4.186127661174515424e+01
1.324667172999963896e+02 3.377664783734724807e+01
1.672356604965478084e+02 3.912382020591113729e+01
1.536235326203851628e+02 3.764874872314160115e+01
