1.025592477766920183e+02 3.758815554477315857e+01
1.203517829708966644e+02 3.527139297792422923e+01
1.203537578824491732e+02 3.283168956574272812e+01
7.842305968322814635e+01 3.138905037606648918e+01
9.992071126384406909e+01 3.516563867146475530e+01
1.241871874502276540e+02 3.626133597247208229e+01
7.372397890354500305e+01 3.113800919561556668e+01
1.249205163331845938e+02 3.035268608137998214e+01
1.034498976020022383e+02 3.257442027089282988e+01
1.173692031615345712e+02 3.618754777799031075e+01
1.112757960710062122e+02 3.431865956137773566e+01
7.903396292883924446e+01 3.646779961309270846e+01
9.799878421265366057e+01 3.284433208191786235e+01
1.374213128039908725e+02 3.257099967075076563e+01
1.051250151824471288e+02 3.799936000923069912e+01
1.047962379577743519e+02 3.594733334230873822e+01
1.297550618672117366e+02 3.254069959645519816e+01
8.197492327905118259e+01 3.321401148930406322e+01
1.094631529145171100e+02 3.473216959709561991e+01
1.063163191315398564e+02 3.598346095534001421e+01
1.045872380200083853e+02 3.371172701319906650e+01
9.671764266180873904e+01 3.122768542428067917e+01
1.253685345809128648e+02 3.408935133505905668e+01
1.272931092175953580e+02 3.837551884537334246e+01
1.193213452631232343e+02 3.420599430843162736e+01
8.653776293136814957e+01 3.405352370553450925e+01
1.212771322673287671e+02 3.384412058005889179e+01
1.026828506457033399e+02 3.267926993931252611e+01
7.822366927194057951e+01 3.041786632934169532e+01
1.141817876364833495e+02 3.326138920589122705e+01
9.039543029643925820e+01 3.285056274836811241e+01
1.024648827676004430e+02 3.012361977252295731e+01
8.361504777789190257e+01 2.927730442205900729e+01
1.538893117222680189e+02 3.748589864423595230e+01
1.119405219711126307e+02 3.169818303951116434e+01
1.211072146893693144e+02 3.775377393218395383e+01
9.294147050843736224e+01 3.079887918080235920e+01
1.255918667680219585e+02 3.382510871523172824e+01
1.115475031287498808e+02 3.534637420207817371e+01
1.048377521879507981e+02 3.404050718072626580e+01
9.260897415097777241e+01 3.441279356490685615e+01
1.331254226667738010e+02 3.195184946393903047e+01
1.470362257242707074e+02 3.990902147236652553e+01
9.483396428670033629e+01 3.186366582944457804e+01
9.152870028428404225e+01 3.158279388547453337e+01
8.543631026468078460e+01 3.079262159633817930e+01
9.539083877890247720e+01 3.605672042564464874e+01
1.218026375364488416e+02 3.490200669316526216e+01
1.177338800922628792e+02 3.897613697587329540e+01
9.121491286507946938e+01 3.434958889032293428e+01
1.082768881809450647e+02 3.339197111951214225e+01
9.460529627246131668e+01 3.234605677192451623e+01
9.415524729226956424e+01 3.088967329436717435e+01
9.403625677807528405e+01 3.586090768670205620e+01
1.172258833250928376e+02 3.547036665307670944e+01
1.080062195728843335e+02 3.418938726227976588e+01
1.370366941504818215e+02 3.930053555515945618e+01
9.647744565454826216e+01 3.413538526181283572e+01
9.811962874784693156e+01 3.644941547850230990e+01
1.082532076145047313e+02 3.697449264264238877e+01
1.023305410894132734e+02 3.744129744198703946e+01
1.020383679175599241e+02 3.392726953896118403e+01
1.274278557249695467e+02 3.335240576677661295e+01
1.026797857336530200e+02 3.803167696749688531e+01
1.372419963678031820e+02 3.215932576517190000e+01
9.878692180681758828e+01 3.510500373808014274e+01
1.115671452035681881e+02 3.377285153910511895e+01
1.055535642386700488e+02 3.624894492092722942e+01
1.028023481515008513e+02 3.278674774937368852e+01
1.146586272686545982e+02 3.418520175186082355e+01
1.073745256853762555e+02 3.332261763558713596e+01
1.276012761758264134e+02 3.590462510109384908e+01
1.314628088524974885e+02 3.358224619363849683e+01
9.288331586629669800e+01 3.145578982430671289e+01
7.243483715168783021e+01 3.712669211339880349e+01
1.221710601737384678e+02 3.591468812165215496e+01
1.013177666939599675e+02 3.439000678528585553e+01
1.180943751702422730e+02 3.705845500913706303e+01
1.038666897921716981e+02 3.441088062204963194e+01
1.146551058172883302e+02 3.425526959221870982e+01
9.304711193669999147e+01 3.003533188681034360e+01
9.609218204953101861e+01 3.400360036237091776e+01
1.253923504487786005e+02 3.460619004673927179e+01
1.322520394572318878e+02 3.354705148368144307e+01
1.317271900531044651e+02 3.789054585101343520e+01
1.256367477287647745e+02 3.311370032700092025e+01
1.259466845634995451e+02 3.725200973315571673e+01
1.068408447467911770e+02 3.015645755888579060e+01
1.169548963074415013e+02 2.831265370370522660e+01
9.361189690613591097e+01 3.540848180165031067e+01
1.339966140333308999e+02 3.101355399007922387e+01
8.585690879010660126e+01 3.648632447207639018e+01
7.640987494061893415e+01 3.298103306930596545e+01
1.178980783352410242e+02 3.531366283140324214e+01
1.246049007266582294e+02 3.844544625097149293e+01
1.405043046493760528e+02 3.297195796753113228e+01
1.222134485496693515e+02 3.161217469726742735e+01
1.238877202710116734e+02 3.255870836619285313e+01
1.026781572933050057e+02 3.085187136113608730e+01
7.937046747176326278e+01 2.815082384733765153e+01
