7.307849217352759297e+01 2.730967756982601458e+01
7.250015501522506156e+01 2.946874062546122630e+01
7.024699540676779463e+01 2.876082057259679203e+01
9.296769252015322138e+01 2.947723663425231067e+01
5.048773735723812450e+01 2.648978380667222865e+01
6.244570301260608147e+01 2.498014915186143625e+01
5.568633175713862471e+01 2.250117524721390438e+01
5.491803661273837633e+01 2.362414880286819852e+01
7.019486087819818465e+01 3.047823020209129652e+01
6.768159883113989395e+01 3.077768189414170408e+01
3.544823870695343970e+01 2.552629769670486581e+01
5.587957190830262988e+01 2.267865006901350000e+01
6.005750570994623416e+01 2.372645787694309760e+01
9.244455907586062438e+01 3.211560451105273017e+01
7.344020226954471298e+01 2.607894460311128881e+01
9.491777433213857762e+01 2.433329332211612339e+01
5.774565461480495543e+01 2.448425178485274856e+01
1.955174432327320133e+01 2.742404014425271797e+01
7.810401992671386040e+01 3.158757637125137308e+01
6.729433432256753633e+01 2.786191726425660065e+01
7.271544347712980993e+01 3.011566926281247447e+01
5.828928623002832410e+01 2.449188928787949848e+01
6.281738278286633204e+01 2.732992245556227218e+01
5.821642098023811229e+01 2.665333036394349620e+01
6.933903843429639835e+01 2.541663109411640775e+01
3.425600261037288874e+01 2.462819422495216415e+01
8.147958814127225935e+01 2.840534897053070296e+01
7.745454100826532340e+01 2.678965730243828602e+01
7.990561181210954089e+01 3.081466279179404566e+01
6.160257316728132082e+01 2.686469298759795876e+01
7.248957321451162272e+01 3.256250724359402682e+01
6.160557258727327934e+01 2.823283545347960910e+01
9.483285899038675382e+01 2.345177708964827090e+01
4.626852508382059881e+01 2.318768705034903732e+01
5.803500422325679153e+01 2.787510312830393744e+01
6.868872714214758446e+01 2.450724914728793280e+01
5.968586744453046578e+01 2.728342517624768959e+01
7.238549861915176109e+01 2.315423171765215216e+01
6.141595697216720851e+01 3.047090184049384831e+01
7.891572381927812785e+01 2.560369991463609551e+01
5.266431133309568935e+01 2.527622739640784033e+01
7.762136739464629898e+01 3.048258904128659097e+01
1.089618755053167689e+02 3.058687204343783606e+01
6.928601998227283332e+01 2.619148375704510556e+01
5.829305161932639123e+01 2.761550435215159283e+01
6.530330174090963169e+01 2.935145896538673327e+01
5.792784941085869121e+01 2.365357154189381106e+01
6.952709154951388371e+01 2.459353112191005408e+01
7.023485443535447814e+01 2.906603935952460560e+01
8.084476524568447076e+01 3.020189919435325265e+01
6.524659475028779809e+01 2.780501513548777126e+01
5.384460369685211845e+01 2.619203927943888033e+01
8.773449192392162388e+01 2.640375741153179234e+01
7.000222559320371829e+01 2.675994769134609541e+01
5.193817300882162868e+01 2.441130183261349984e+01
4.608453762396296582e+01 2.253577591176860651e+01
8.702452054741354459e+01 2.743691790328415436e+01
7.161507750217501211e+01 2.326166099114418273e+01
5.204646469814225895e+01 2.774893318145862509e+01
8.571696940621673377e+01 2.714528571026493609e+01
5.870026085991880649e+01 2.512479271670218139e+01
4.416350996015602703e+01 2.555174874951737252e+01
6.374117630614950514e+01 2.921613716722363208e+01
1.206575891393583078e+02 3.038798785829131077e+01
9.987825631740102494e+01 2.606722658632656575e+01
5.595421381788314363e+01 2.464346043561525335e+01
6.871880872066529378e+01 2.416277094772077660e+01
7.574983732930233771e+01 2.502765334427705568e+01
9.389936560339339167e+01 2.432966091466130010e+01
7.183403213951268640e+01 2.795072463436799381e+01
7.375674085959549586e+01 2.529533302705603859e+01
7.883509421846424914e+01 2.390490168544265259e+01
6.355176784154368619e+01 2.479845606048249707e+01
6.245896699772586658e+01 2.784597588866709117e+01
5.278919579457409839e+01 2.834232733138349403e+01
2.815413040075029727e+01 2.494598249350292463e+01
4.337892463860841019e+01 2.811730739805293311e+01
4.525613912561151864e+01 3.307960245074200145e+01
7.452055155999299529e+01 2.831335806019573198e+01
4.435639527536410753e+01 2.357809146328710881e+01
7.493743075923684671e+01 2.371642001915872910e+01
6.342374675305484288e+01 2.603300661767731583e+01
6.022690541815954646e+01 2.894150157538690138e+01
7.117855631598955313e+01 2.853860694378477447e+01
5.933792369989122051e+01 2.840625442191728212e+01
6.942940679123339009e+01 2.384474046434793948e+01
5.656040301922375590e+01 2.970216444611984485e+01
6.047242641439883926e+01 2.268664047956233887e+01
5.569621804633484174e+01 2.747293697128294454e+01
8.744786321673991836e+01 3.096042555597404800e+01
6.646121640897202099e+01 2.489657622475112930e+01
5.174723389099192872e+01 2.492156814265810638e+01
7.071198385497947925e+01 2.957308500692523623e+01
5.154555746718850173e+01 2.936168411345838081e+01
9.334897017070005631e+01 2.875782555530817319e+01
6.796170802979490588e+01 2.813861774277706473e+01
7.646440575381696192e+01 2.446156429095847784e+01
5.279639852821694035e+01 3.032027817826978477e+01
6.697419189579412091e+01 2.683669707068947119e+01
7.427011359922981626e+01 2.483024643958500732e+01
