5.812682731273191905e+01 2.428980499121437830e+01
6.108363273351135092e+01 2.482090739109879252e+01
8.602440300188879974e+01 2.518448897265812292e+01
4.438081461361296221e+01 2.177669233875451482e+01
6.202412847295445175e+01 2.464828086920558547e+01
5.188169952698714837e+01 2.234629655175322327e+01
5.340781392320573673e+01 2.605515725454751319e+01
5.845560056231112611e+01 2.870662572612510033e+01
9.489993807794509451e+01 2.850717644751934898e+01
7.464551711976119464e+01 2.932437985541879399e+01
7.034564269059156061e+01 3.282107722577529074e+01
7.144410863744143114e+01 2.350199257859395630e+01
5.389676193927235204e+01 2.373619494308065825e+01
8.493233720825062960e+01 2.749368444292826297e+01
7.081908686872972680e+01 2.669366325641074766e+01
5.826446776178946152e+01 2.394545645225517916e+01
3.869279834647045391e+01 2.372825273899010057e+01
5.347548389390779278e+01 2.815737795477948069e+01
6.306557272358209332e+01 2.254116884523223163e+01
7.782996334363116375e+01 2.624468747594701412e+01
4.646187520621343481e+01 2.678646232640691949e+01
5.795295050635500900e+01 2.252753201523127302e+01
6.588960680009564896e+01 2.675772662444234484e+01
7.649504273931684395e+01 2.543680266594581596e+01
5.572626091697220829e+01 2.659114335497958237e+01
8.115224664967774970e+01 2.366381127497163916e+01
9.119997518232858624e+01 2.861877704053383908e+01
5.435872176961889579e+01 2.604769518695135488e+01
5.804758245951447293e+01 3.160448517054692630e+01
6.655719276761715264e+01 2.861849296495081063e+01
5.952079780727853375e+01 2.703821012862923823e+01
6.602630402304122015e+01 3.021285892320361555e+01
4.462301365498516503e+01 2.707454907926150156e+01
6.499063157104063748e+01 2.684652196655541800e+01
9.244511349032211456e+01 2.945018716543672710e+01
7.565586950321248594e+01 2.212952618872588673e+01
6.079190602080614525e+01 2.322713207191527474e+01
6.933180275041083007e+01 2.903963612759190482e+01
6.622727770768577216e+01 3.125661468324035752e+01
7.693973450166271277e+01 2.656746545460121922e+01
6.725508576556471496e+01 2.389669709187497659e+01
8.016049081312411317e+01 2.848882887369881800e+01
6.239252603138255893e+01 2.722767566037020615e+01
6.877299687111296578e+01 2.395644922554788181e+01
4.864025781539397997e+01 2.679038783170761207e+01
7.585829400388816168e+01 2.828272588715494607e+01
7.946209558465129419e+01 2.759707940494234890e+01
8.672862383817630416e+01 2.599623953645194518e+01
7.611557025068242410e+01 2.609585851243442534e+01
6.735621402887578313e+01 2.587481010064678344e+01
7.083169311614970809e+01 2.726603163362397098e+01
5.526141499552281999e+01 2.369963218904008784e+01
6.883728560371062599e+01 2.534121380411538027e+01
4.208280879268422581e+01 2.640488613128358963e+01
9.339003808697671616e+01 3.161874609558996951e+01
4.222459374293382695e+01 2.607545246329518918e+01
7.619253197301166836e+01 2.669661726706620897e+01
6.252666885913319561e+01 2.522020770174065518e+01
7.204661274946634819e+01 2.972025639039457445e+01
5.264496539758236793e+01 2.597049604859878258e+01
5.784903465872362460e+01 2.616008862405246660e+01
4.954154041088990823e+01 2.348962790979904014e+01
5.965282476311021043e+01 2.401477064795161454e+01
9.096271935183514756e+01 2.621479434684307819e+01
6.294305754678562437e+01 2.530093160154549992e+01
7.571213871338729007e+01 2.326052350090350984e+01
9.820890088799069417e+01 3.313971498552187001e+01
6.629140721253739343e+01 2.456711245170142632e+01
7.302905361902092807e+01 2.289955429888286531e+01
6.949205360560182498e+01 3.287424973327676980e+01
5.206048785406770207e+01 2.672447180831069247e+01
5.774222210932568089e+01 2.869133502756969278e+01
5.514159239208061791e+01 2.617314618680441995e+01
5.382829804702574705e+01 2.122452166831783060e+01
5.917129082976784815e+01 2.943596324890208749e+01
3.888355266829690038e+01 2.632813297933003227e+01
7.755848352769962162e+01 3.018089539510498298e+01
4.974871179422404310e+01 2.616707107622398709e+01
5.978051012443527412e+01 3.041157994780235185e+01
8.357121378167089176e+01 2.390710227141956068e+01
3.807565103757299596e+01 2.618305699994542834e+01
5.237470323701499808e+01 2.881525031211915078e+01
8.187378089029358819e+01 2.904357637829314953e+01
7.197011676581826123e+01 2.227655023737593254e+01
6.465220525668340201e+01 2.893049739727462111e+01
5.911017791258365861e+01 2.651090019121632935e+01
3.167368554363869038e+01 2.286723636024083461e+01
8.543050993498245305e+01 2.619486928395175340e+01
6.993663023537057200e+01 2.652413950061173153e+01
7.027855568141646359e+01 2.042355211243789626e+01
4.614053872906748666e+01 2.261476838866857264e+01
6.938849663628660380e+01 3.064178407919624547e+01
6.479841105358403297e+01 1.953499363124971566e+01
5.439939993072763258e+01 2.436323896821599533e+01
5.620866496479368379e+01 2.873533226338419766e+01
6.798267003492740912e+01 2.781716039750605773e+01
5.557389989077108083e+01 2.504687598050441721e+01
7.569906411061994334e+01 2.712001639118060936e+01
5.420275423960971040e+01 2.812208484402968622e+01
4.191080549752884821e+01 2.344662332971485696e+01
