1.824234132776155093e+02 4.259770378680321556e+01
1.650432745617585795e+02 4.165319329609898347e+01
1.687993913042936356e+02 4.376556757847328782e+01
1.550663185460477962e+02 3.932306973135146677e+01
1.649116377347866944e+02 3.951741590679366567e+01
1.134561105441170952e+02 4.213103502803362943e+01
1.521783247724118269e+02 3.956988262443836391e+01
1.445890604167721563e+02 4.032762063697199295e+01
1.579105731695704264e+02 4.345755440646324530e+01
1.273732226767460389e+02 4.064695186766080326e+01
1.686077130438116569e+02 3.770003791513606473e+01
1.651239067140096211e+02 4.133675883206246482e+01
1.857033347003815322e+02 4.232948261354742669e+01
2.122883546526147427e+02 3.985668371201683158e+01
1.220671636066084460e+02 4.146545348318017687e+01
1.502853554754328229e+02 3.992617900993477775e+01
1.696935284821176424e+02 3.883911761067805202e+01
1.374391033024907074e+02 4.057513641915971903e+01
1.441015626070232543e+02 3.638144199733839201e+01
1.408462506128263101e+02 3.800896598915906566e+01
1.767023578298373820e+02 4.333332503370157696e+01
1.478367306232044882e+02 3.836368401631887792e+01
1.527026085986500732e+02 4.216623709880926896e+01
1.609756104215638572e+02 4.111679703568984223e+01
1.320930410244446591e+02 4.183645404550213698e+01
1.635153001262916348e+02 3.978382854586795503e+01
1.533717122268181186e+02 3.930178725493225045e+01
1.496989751100330182e+02 4.166612348938782873e+01
1.958629469639025729e+02 3.749056203667337428e+01
1.656970807291303629e+02 3.920754493527373796e+01
1.154700743102085312e+02 4.262512741192943366e+01
1.472463593842130365e+02 3.991633575835821546e+01
2.038548373260995845e+02 4.348739328584734665e+01
1.245921949347561650e+02 4.248025392471886619e+01
1.732601233908526979e+02 4.162439064118859022e+01
1.358256299084053182e+02 3.710361074826720795e+01
1.234450534457614168e+02 3.851053751115605905e+01
1.611370031745452707e+02 4.371562808978379877e+01
1.802627538609997941e+02 3.970473818485918116e+01
1.965267282061643357e+02 4.377244172870289418e+01
1.781636165433147312e+02 4.178226453542293228e+01
1.181499176410142269e+02 3.763329460196043641e+01
1.875300691895464809e+02 4.133057966796544491e+01
1.818762765084005935e+02 4.052813882191367156e+01
1.749523728961873701e+02 4.108029968220740358e+01
1.785741463928322332e+02 4.337129997755346267e+01
1.290302252558335283e+02 4.218707975089846940e+01
1.456289426343616924e+02 4.208362452696013634e+01
1.694994408175200249e+02 4.559467212721870055e+01
1.667532979167789335e+02 4.497195206869895401e+01
1.465410898585914197e+02 4.160624080980370110e+01
1.381919629454352787e+02 3.942220049880279475e+01
2.026643289901781770e+02 4.005890114991573370e+01
1.714235318607654222e+02 4.064377933047619962e+01
1.035070926419889474e+02 4.049325258751022716e+01
1.542371220648103645e+02 4.352596217495840847e+01
1.360186397917216254e+02 4.242219911682551015e+01
1.515391024498875652e+02 4.050448126973996921e+01
1.695100303215350266e+02 4.080613093694286420e+01
1.074544702809951247e+02 4.209329946947277534e+01
1.957620625258343239e+02 3.914022354095205714e+01
1.685129130548905323e+02 4.336673129781095071e+01
1.887220127188344065e+02 4.388649438460929275e+01
1.299248560315955956e+02 4.248926164263302496e+01
1.869428797869214236e+02 3.825580680106313025e+01
1.375293894736670097e+02 3.894609181919430085e+01
1.695205504662131091e+02 4.792259780418537218e+01
1.454895256214857682e+02 4.311400584724995610e+01
1.856070542924496181e+02 4.353041369116696302e+01
1.242283806524071821e+02 3.781267720986107861e+01
1.783522806138753083e+02 4.065931572718438503e+01
1.598655497182352576e+02 4.486198427124887900e+01
1.484695012671091376e+02 4.356474962149234642e+01
1.858609769916874370e+02 4.145019434197246255e+01
1.384007712516244055e+02 4.086054209729341835e+01
1.659631986203336567e+02 4.106580611699990868e+01
1.427301191528050310e+02 3.909187635237680070e+01
1.620606784966042540e+02 4.315368605146303338e+01
1.454761803877600528e+02 3.957202367920756814e+01
1.463370938118880247e+02 4.455366163857796380e+01
1.219632271408829780e+02 3.998118944293415922e+01
1.449189033318100144e+02 4.218805786808044900e+01
1.429958177463185791e+02 4.310862804674206927e+01
1.153902319619840426e+02 4.301242860107618782e+01
1.435997265801165383e+02 4.092468637165293899e+01
1.447114210461594439e+02 4.178423441817221118e+01
1.714869078149092729e+02 4.254310145071801230e+01
1.289363831645696621e+02 4.179752443180314003e+01
1.729485884720741353e+02 4.487396786189912490e+01
2.042887739996734524e+02 3.876040909971870718e+01
1.634748196027895801e+02 4.171079119452220141e+01
1.089518203662143065e+02 4.057904014980627494e+01
1.454509382749521080e+02 3.657099903176080602e+01
1.734561551038306675e+02 4.603914461440991346e+01
1.546655915097778689e+02 4.190117873402851956e+01
1.405672298750768903e+02 3.573605377182070697e+01
1.461901786262493488e+02 3.997684739940541476e+01
1.555943099988504343e+02 4.415995478582866696e+01
1.495229551527627336e+02 4.372202964911232925e+01
1.569769577233278426e+02 3.987071237759798237e+01
