1.615869530219693928e+01 1.809415458457895198e+01
1.976257772891053932e+01 1.428930728301670960e+01
1.924018065484394313e+01 1.286488678007455988e+01
1.329028453675576316e+01 1.540093571625759239e+01
1.031724668128257072e+01 1.092654304086573980e+01
1.874984423556863433e+01 1.019602906273842713e+01
2.070559428028831306e+01 1.480624318636704650e+01
3.080076127229042626e+01 1.249123162783958030e+01
2.439600820731050490e+01 1.421319214153435517e+01
9.386049011697050304e+00 8.703061092395822484e+00
8.532152247785527166e+00 1.259245808314056170e+01
1.614945951086082587e+01 1.806547909775660443e+01
1.005584511721718854e+01 1.365208720666049658e+01
3.463361943011218358e+01 1.622209933482424304e+01
3.023588408669388272e+01 1.460350717797986952e+01
1.058144841312636331e+01 1.181103534970769253e+01
2.657559993119569697e+01 1.320915720000970595e+01
8.163189747907843241e+00 1.089713365159052039e+01
1.370088152300594686e+01 1.258685116860745090e+01
8.095126389998272387e+00 9.709666661140358812e+00
2.415131382078396882e+01 1.128535647150176757e+01
2.340803265788802534e+01 1.605854759138113863e+01
2.653408526595368855e+01 1.477464395517238138e+01
1.484256185020404750e+01 1.626674656393609197e+01
9.466923244305549545e+00 1.849201359733983452e+01
1.416424717429911340e+01 1.169237060588552168e+01
4.050736956474473516e+00 9.959682929205088797e+00
1.649702052057132207e+01 1.466660167440260842e+01
2.214891720728407876e+01 1.705241146469918334e+01
1.572347659492745819e+01 1.212517556961715215e+01
1.346236610561901159e+01 1.040806525803405869e+01
7.926680114472020477e+00 1.619792319790295920e+01
1.691955566656565324e+01 1.636612894973250576e+01
1.408842550247467251e+01 1.091865960783554890e+01
1.961288036372434718e+01 1.367811848264495467e+01
1.005992384568079423e+01 1.342311541523383767e+01
1.502158650422704511e+01 1.670940972959987647e+01
2.813370926503802849e+01 1.754608013454872406e+01
1.859947926726002621e+01 1.195644466697893726e+01
7.862766356716809568e+00 1.324984677659556631e+01
2.796781640284530113e+01 1.396828603372273747e+01
1.414573254172581329e+01 1.147049982646884736e+01
7.247113913624611214e+00 1.428724579569775344e+01
5.129686804635901431e+00 1.231364808435708014e+01
1.550474990044944334e+01 1.539333402722795263e+01
1.656249638985745420e+01 1.223828636227354494e+01
2.340590373598838880e+01 1.000286510927408656e+01
1.671918989327957306e+01 1.685015417713111674e+01
2.113883323464981601e+01 1.657266596400552672e+01
2.392724065946997314e+01 1.335422735156956797e+01
2.190068043884656035e+01 1.359319572621627970e+01
2.553002256348608157e+01 1.445405309207642297e+01
1.696335442229452184e+01 1.282530075665410330e+01
2.184753690016129113e+01 1.258675592906572049e+01
1.342048354436453117e+01 1.117509337991949714e+01
8.432520745920745853e+00 1.290714785928143193e+01
1.297810044956626285e+01 1.560574010893244257e+01
9.257578385514554142e+00 1.576669377084060919e+01
2.448367460380105243e+01 1.579218562719916896e+01
1.555360309927350393e+01 1.575185844920819100e+01
5.920671158871921413e+00 1.408431517705023239e+01
7.463702101304448000e+00 1.472909197871607567e+01
1.341487922734006766e+01 1.511958292975774754e+01
2.168870309211198943e+01 8.951575716412733641e+00
1.665406712555206781e+01 1.035775290923984748e+01
1.156143395070442992e+01 1.186027098333705432e+01
1.235790178460088029e+01 1.549053615115581373e+01
1.603733838984218707e+01 9.561553557780035462e+00
3.047327631051564722e+01 1.574547793428755149e+01
1.391286510969708345e+01 1.800745890455270271e+01
4.231013544437145057e+00 9.781822360066486866e+00
4.410107310872728448e+00 1.571923498989307610e+01
1.839198312472836605e+01 1.569826825707600015e+01
1.975858863393194298e+01 1.051640819239850799e+01
2.082390616628283198e+01 1.497319969822047803e+01
1.808346512681279705e+01 1.260300913534248757e+01
8.395369690509385308e+00 9.400255480984402112e+00
6.910550611509099994e+00 1.038724546768682444e+01
8.858805724390572678e+00 1.476228318046344867e+01
2.151912353773960973e+01 1.136139109703150218e+01
1.460638088994811667e+01 1.443249416130251817e+01
1.854943277040695548e+01 1.258484029240789681e+01
1.877714102113558781e+01 1.416275666268120048e+01
1.953836062723961575e+01 1.022642030410537650e+01
2.194946178406026860e+01 1.552535290583213978e+01
1.727982707144309416e+01 1.205848050792802439e+01
-2.469529201410783914e-01 1.260629277414007987e+01
3.618502144076122562e+01 1.242257396524018631e+01
2.375004656682319393e+01 1.787406335682865333e+01
3.746420458072518045e+01 1.249867012920141107e+01
1.015562296547502541e+01 1.377609488422080020e+01
8.089021926239510663e+00 1.038009332050837941e+01
2.476384599981717116e+01 1.570636279915794908e+01
7.381640442891575837e+00 1.344946949933074443e+01
3.545299885741909574e+00 1.108899089077676514e+01
2.906297610900052319e+01 1.505103982165164567e+01
2.498402246439644969e+01 1.310493345884614946e+01
2.449171538707065210e+01 1.409339232105037887e+01
2.877472230087476746e+01 1.386710195436715409e+01
1.493852437733383631e+01 1.056201293502564553e+01
