5.267412830577772986e+00 6.284519679033289563e+00
9.848814931294574748e+00 1.128627349468793106e+01
8.116811179230662532e+00 9.772033979422774408e+00
1.262264783244021915e+00 1.072915289114959947e+01
7.198339115644982300e+00 9.528207467209162118e+00
7.217015947950199184e+00 8.470715014073979532e+00
1.043602670033953927e+01 1.012966155225311304e+01
2.462371901706948307e+00 4.334717145163975438e+00
2.601189008328487429e+00 5.776088367100390641e+00
1.329123947233188296e+01 9.641934288354855553e+00
5.632339588920222795e+00 8.969530768873999804e+00
9.559148932630366247e+00 7.245571073999384382e+00
-1.202617383233872905e+00 9.716833057273195351e+00
8.316061559131565417e+00 5.592535772513147485e+00
5.484821199859055696e+00 6.888329293811256804e+00
5.679530355299325706e+00 9.232865452370832671e+00
1.176314542763129900e+01 7.027060795351257383e+00
6.953006177889701211e-01 7.500507968926345193e+00
2.978701448409770247e+00 7.511749259099511633e+00
-1.703884827530771862e+00 8.128598943890969153e+00
8.637940353265260995e+00 6.598019892357450900e+00
1.894680346414006733e+00 9.772550396867691447e+00
1.173201311037201222e+01 7.420784759992499424e+00
5.610947961713367960e+00 1.201018799427429329e+01
5.341318585045180534e+00 5.828053544151685195e+00
1.056956619092579786e+01 1.149567946668081220e+01
4.361206155573151833e+00 7.962313368468702635e+00
1.031197801603137876e+01 8.410651998041268840e+00
7.143504691822445629e+00 7.345372486875493934e+00
1.127831010992939476e+01 8.455160838421718950e+00
6.900091937760070238e+00 5.787624710188921107e+00
8.697133285676077463e+00 6.822944031118914232e+00
-2.599875860773725567e+00 7.313102352305759446e+00
1.326897552326565588e+00 6.285580990981118887e+00
9.241516476436538952e+00 9.576116241688861663e+00
1.130051620035996685e+01 6.893031208107739616e+00
3.010782933035059727e+00 5.461503038847881797e+00
1.263182589371543685e+01 1.009201163465744955e+01
4.833857926754838275e+00 1.053562874932078763e+01
5.263797402664070368e+00 7.745604300656879104e+00
6.333631122996739471e+00 1.083129133288847790e+01
8.984047346201387896e+00 7.308399742747478278e+00
-4.483210836211217604e-02 8.683242300392130630e+00
1.789600614991911642e-01 6.967656676185963072e+00
5.531604331525535656e+00 3.882612887111648980e+00
6.886352108881555800e+00 1.023392203027274405e+01
9.656373263853566868e+00 6.506132425527989760e+00
5.489406314943857446e+00 1.065561251578427182e+01
4.536806811897227121e+00 6.983057771565225558e+00
4.755261651739268736e+00 1.286243971316324242e+01
7.737500765517099310e+00 7.433089645680429847e+00
-7.411290118649560554e-02 8.015849205028851898e+00
5.510531784061524441e+00 8.687900730591127996e+00
4.494953608263164924e+00 1.185073493170033032e+01
1.577433619741175264e+01 1.031622859403192471e+01
7.838143223725093200e+00 6.728063052261380683e+00
5.824510311084122982e+00 6.765977800069142845e+00
1.129350730913271228e+01 8.623649550326216939e+00
4.258361453978445788e+00 4.164916875862703094e+00
8.771105483249732604e-01 7.297944275534669956e+00
1.225241093769099621e+01 8.545457995643829463e+00
7.797331113064278618e+00 1.018911056462697573e+01
7.175146129852573829e+00 1.231328948271373136e+01
7.472345177648554326e+00 5.597887922458291143e+00
8.573671189310385188e+00 1.126616527357295183e+01
3.027314983135496185e+00 9.111751674580794713e+00
7.036400418446019600e+00 7.779678770618917660e+00
4.157187339467983023e+00 1.092035725508872623e+01
1.400185728101646321e+00 6.851923919851558686e+00
1.519587651410493656e+01 8.138468305537807979e+00
8.209565174390334619e+00 5.784160974691049617e+00
8.014293988274793890e+00 7.787266772046244512e+00
8.016692806697170326e+00 1.040733027268998789e+01
2.196082410284673436e+00 6.781649373589823782e+00
6.837988714684549052e+00 6.595936299846544060e+00
2.585872194193306939e+00 4.928652256912354979e+00
8.753971553758342239e+00 7.551414911970066868e+00
8.093788612917377279e+00 8.635924838411247251e+00
1.985778150412056409e+00 4.475151785795156378e+00
6.665420238825123356e+00 8.843281050600534599e+00
1.312075095168404459e+01 1.343712603994471522e+01
1.032635937180289609e+01 9.305301194836374634e+00
4.501446047841355935e-01 4.524374529496910213e+00
1.131821218563189113e+01 8.089796726169634411e+00
6.027134105058214786e+00 9.797794605842579330e+00
-2.339851945668641964e+00 1.181074702077700245e+01
8.601340043228375976e+00 1.164240288768442610e+01
1.201473370624426984e+01 7.273857414566561097e+00
8.903254569810275854e+00 6.704855617086928454e+00
9.517636854185621331e+00 1.140247671510270600e+01
-1.751533825797019439e+00 7.691525471106859690e+00
1.463216012937776034e+00 4.422139392566428739e+00
-5.528915467395909999e+00 3.571291018659149330e+00
8.369461116766402142e+00 1.191079331337046554e+01
9.290192596000121483e+00 6.448785452750560587e+00
7.153959359043501331e-01 5.519107784140449446e+00
1.586629481759839955e+01 1.067265379948783988e+01
-4.300034709831196622e+00 8.414765130785575309e+00
4.979732183572486370e+00 9.101957639924743049e+00
1.455373864864967715e+01 5.606347331941400114e+00
