1.243456075217741983e+02 4.420099428328056490e+01
1.871430958218893466e+02 4.521947270381205186e+01
1.610602361587081930e+02 4.933049452865504492e+01
2.065268791453571851e+02 4.534518742387477630e+01
2.106841833987288055e+02 4.259889136322150449e+01
1.794190029657196988e+02 4.315797127663569910e+01
1.524474966657741106e+02 4.366246462362133940e+01
1.559751637507937687e+02 4.611407361247427872e+01
1.225648208227764400e+02 4.183434763721112404e+01
2.216535016369563493e+02 4.400735360391942663e+01
1.825266616383532892e+02 3.985531146616114029e+01
1.526737183468808610e+02 3.948667884367321790e+01
1.327008167331748041e+02 4.258880787397792744e+01
1.912017810070723272e+02 4.564102591421799104e+01
2.374571988415765702e+02 4.858900510735991674e+01
1.245201898617523284e+02 3.882409486433163437e+01
2.095119436866159219e+02 4.236050186978422261e+01
2.249973449022129728e+02 4.442009927545921499e+01
2.082236159246395175e+02 4.075244662460781342e+01
1.644083907286068040e+02 4.706316709716585223e+01
2.079636593306480563e+02 4.496087978276324293e+01
1.989017168354511682e+02 4.078381604487140066e+01
1.730845821473330375e+02 4.155205200591991854e+01
1.788111987318154377e+02 4.279882151756940090e+01
1.532851941577116861e+02 4.135587189624560978e+01
1.774805734469547929e+02 4.190297675677507527e+01
1.568533438109960798e+02 4.445601962962339115e+01
1.764789384972950472e+02 4.356596488082801244e+01
1.752368307403635583e+02 4.376980469924825456e+01
1.754149966073617293e+02 4.699196749322300093e+01
1.926541965730996822e+02 4.316206627030872056e+01
1.470913729539944370e+02 4.149278384836691913e+01
2.034213131388094666e+02 4.504902183201219401e+01
1.673527012804090930e+02 4.555384203193627712e+01
1.644229054168406776e+02 4.396474261714003262e+01
1.745945769773884706e+02 4.422677061429637746e+01
1.600766390481799704e+02 4.190856002420885318e+01
1.799302239488354758e+02 4.237797275253621621e+01
1.791430950584591812e+02 4.280140163274414533e+01
1.063417099327205619e+02 4.289287154263197266e+01
2.212693090094114154e+02 4.803382422345814717e+01
1.800592212814026993e+02 3.804515546655085956e+01
1.442815250612383693e+02 3.988344720951172206e+01
1.390995240876681578e+02 4.431910701253308105e+01
1.782193655094077656e+02 3.908392838462488328e+01
1.676209527104728636e+02 4.405647118797682538e+01
1.566970127949770415e+02 4.186567606685463261e+01
1.485506053255069503e+02 3.900790085866101720e+01
1.633158037888467788e+02 4.146344395334938326e+01
1.628559936557319361e+02 3.836740097458528709e+01
2.322223588603844462e+02 3.975790382883474905e+01
2.042128483474379266e+02 4.683508023970679801e+01
1.834491154322676891e+02 4.176303707895186790e+01
1.401237918194547660e+02 4.438484690364689556e+01
1.696693930618103252e+02 4.539557875722994140e+01
1.352843188669151289e+02 3.896552749595416998e+01
1.381934016672514929e+02 3.569982983968331780e+01
1.568043503331199986e+02 4.299461429024918147e+01
1.528254687653231372e+02 4.108528423702968269e+01
1.550327197995854078e+02 4.269339103168086069e+01
1.623459986649615132e+02 4.484359299793681686e+01
1.786066807824523153e+02 3.954070606161418056e+01
1.974490571398161194e+02 4.075166934661061902e+01
2.496613543015159564e+02 4.595104353085617532e+01
1.597055353524877148e+02 4.662011748932268773e+01
1.980785032041411284e+02 4.134554382555327123e+01
1.336840086232558065e+02 4.528462130770367366e+01
1.270431144129598948e+02 4.033248529589761944e+01
1.848521943728102030e+02 4.362190916733182888e+01
1.442827701921305277e+02 4.477261900252227633e+01
1.460321481215721064e+02 3.841280350896113305e+01
2.168714819171350427e+02 4.330066814687759091e+01
1.834484858987776192e+02 4.236656751193258685e+01
1.387523590077443032e+02 4.446533222166511479e+01
2.019062018989745582e+02 4.359236110548830823e+01
1.711544431667150832e+02 4.014932301569425022e+01
1.855033769510410480e+02 3.955080675056844086e+01
2.078413482168286635e+02 4.594967165597275027e+01
1.558917307968782495e+02 3.997122734757367368e+01
1.535442041374394080e+02 3.862045192915862657e+01
1.807777262144103076e+02 4.448536653352231696e+01
1.319096275254128727e+02 3.983276688925364795e+01
1.274463874033507835e+02 4.548475733819770994e+01
1.492512335473347491e+02 4.129943054803317892e+01
1.731131405105643069e+02 4.016389890406109942e+01
1.818379556595845088e+02 4.197320005492382933e+01
1.521259531711997113e+02 4.040264979792476652e+01
1.394550589297616909e+02 4.191317635965285149e+01
1.751140007504587572e+02 4.044312334764885009e+01
1.581347039161272221e+02 4.191306143069856205e+01
1.421977988232622749e+02 4.375999472570880044e+01
1.851623118895825826e+02 4.736618803019663915e+01
1.744837436432087543e+02 4.258215509770493412e+01
1.395482346019580007e+02 4.112053238875592598e+01
1.441369962293607614e+02 4.633871128510958215e+01
1.841298667488740648e+02 3.969784223925343269e+01
1.555313079435505870e+02 4.906594057262940112e+01
1.432001002181911815e+02 4.038969363934025125e+01
1.529274835902548091e+02 3.763375126902938206e+01
1.845620038851865559e+02 4.306250392886621370e+01
