1.337286098131483527e+02 4.011586508369835968e+01
1.045996809068352604e+02 3.945680549956799865e+01
1.259142451371006644e+02 4.029528173420361270e+01
1.337592488309761904e+02 3.868723895324119866e+01
1.054987035102620752e+02 3.633144511641614827e+01
1.526221267341527437e+02 4.240997352951272603e+01
1.517709430792608885e+02 3.377714959092384817e+01
1.637613790241197194e+02 3.489641053446592878e+01
1.366758651178644470e+02 3.986131000931745660e+01
1.392960513975908157e+02 3.545933772278759477e+01
1.356996885151396839e+02 3.554950636503502892e+01
1.012889346321580177e+02 3.414531074399495481e+01
1.301751894165678607e+02 4.344838524596609375e+01
1.705010733212281480e+02 4.065819987552239922e+01
1.336088041285492238e+02 3.641674419728073531e+01
1.189747730206919414e+02 3.941996899337810589e+01
1.307273412890662030e+02 3.755284964677424853e+01
1.684063892308228390e+02 4.145540885065976511e+01
1.373320909609606133e+02 3.998137370793219958e+01
1.407310765079412818e+02 3.530606965005127762e+01
1.751564641921681016e+02 4.103140347886913020e+01
1.398139562237426219e+02 3.496573625650030692e+01
1.426530481167770574e+02 4.081491336147321647e+01
1.630014863698018814e+02 4.208749964929098297e+01
1.323978251186800037e+02 3.539456086159530912e+01
1.263106523867168249e+02 3.693786682269289656e+01
1.341224660819877954e+02 3.728354825345220291e+01
1.600569112827575395e+02 3.927266508770846087e+01
1.253611767268846506e+02 3.978474497866257309e+01
1.073476054329295835e+02 3.813360379661960309e+01
1.195946454683793263e+02 3.506520177904344138e+01
1.351937520844870164e+02 3.556753478999444695e+01
1.164555759520163463e+02 3.880965669649070549e+01
1.432617649778777320e+02 3.597044701498552399e+01
1.350404746685800603e+02 3.643796071789260083e+01
1.425312114865041906e+02 3.464154530055922265e+01
1.654373967307439273e+02 3.967729362865608778e+01
1.145848255386015353e+02 3.609606671190088178e+01
1.327824611511384205e+02 3.983282859270497767e+01
1.660737787087433617e+02 3.447021264294773601e+01
9.432600245633963709e+01 3.515842664354324398e+01
1.263692205165103530e+02 4.141606906904059571e+01
1.088762963849772518e+02 3.667462072421808017e+01
1.317001391641017847e+02 4.069023612374818555e+01
1.346359426771284120e+02 3.649932612341342519e+01
1.108071413467763620e+02 4.366680712737052517e+01
1.457838987432385807e+02 3.921775735902060944e+01
1.648505317514192825e+02 4.020841692474504470e+01
1.590431432096382593e+02 4.209568416847674399e+01
1.123350882726664821e+02 4.032270585512987537e+01
1.460269959807267526e+02 3.534269204957381305e+01
9.848530986964586020e+01 3.379088162938139561e+01
1.147150349751953513e+02 3.754631215862070093e+01
1.099896002789349012e+02 4.084407014519737800e+01
1.530264343417630357e+02 3.921657950387984926e+01
1.321401840449391329e+02 3.876878064308779415e+01
1.082010433299265628e+02 3.963436364251226962e+01
1.527540120110531916e+02 3.786760030204155214e+01
1.454994818167730273e+02 4.150022451300873172e+01
1.371591148441023904e+02 3.490449289755514428e+01
1.494602669077324322e+02 3.977011261271466225e+01
1.579282210584068764e+02 3.680557437823792100e+01
1.837888763760099948e+02 3.933190684116961933e+01
1.345580777047073582e+02 3.753039447926133931e+01
1.409797956396750180e+02 3.380497394178146919e+01
1.328325229965174969e+02 3.930214071036044743e+01
1.387713341328624495e+02 3.417498438073778999e+01
1.467377482256367216e+02 4.090406655328828123e+01
1.453003356183079404e+02 4.075788284775483561e+01
1.158550562739285823e+02 3.942768098704613777e+01
1.345637867886175343e+02 3.836713654148434927e+01
1.577891106326161434e+02 4.091186410914818339e+01
1.266343614784913143e+02 3.975888146005391377e+01
1.320365309421221411e+02 3.397315634938337325e+01
1.561327365386157169e+02 3.948295015514027284e+01
1.408989825202732220e+02 3.541394464706295508e+01
1.172122084052106601e+02 3.673329046467456749e+01
1.466964755700211640e+02 3.872599258071668515e+01
1.414835055385417775e+02 4.104791627855006908e+01
1.327158604964022572e+02 3.779095448596133622e+01
1.260770023856048994e+02 3.635424159260923460e+01
1.904953451127351514e+02 4.211849885761607482e+01
1.629487811544971123e+02 4.248815018446374836e+01
1.043671485515304909e+02 3.378062735462225419e+01
1.226397900373497265e+02 3.327312040098738066e+01
1.382887754895772616e+02 3.945003072391996568e+01
1.461569241705454658e+02 3.614319299625215365e+01
1.507822783798369528e+02 3.227019588406355410e+01
1.632992651753044129e+02 3.908931255535262750e+01
1.432238135910847916e+02 3.976181510936848440e+01
1.629557822365135564e+02 4.094206535553136916e+01
1.397922989096398112e+02 3.373900222351916511e+01
1.274604709832679532e+02 3.497329081180981802e+01
1.509695863455067979e+02 3.588025036143068291e+01
1.133169307654630842e+02 3.886041163577937141e+01
1.346230083900708792e+02 3.322092718175431969e+01
1.319159057921960141e+02 3.848622377509610004e+01
1.667178770057138308e+02 3.659633485614350690e+01
1.565721526858134780e+02 4.118783222258393550e+01
1.233056398487525485e+02 3.926817419436799383e+01
