4.583250216600431770e+01 2.409905456075786034e+01
4.876942065637486223e+01 2.426986870316687117e+01
2.193643430810566386e+01 2.154249714008276229e+01
6.771504965874426318e+01 2.457029488265031603e+01
6.762083098470593256e+01 2.528727784990868699e+01
4.363833547709250382e+01 2.450205359575614850e+01
5.380002557577861211e+01 2.179471621762594324e+01
5.464894225962127905e+01 2.276387043594950654e+01
6.629173680665850554e+01 1.996088687698705044e+01
4.788105705681080337e+01 2.193287996664315642e+01
5.133438952306221381e+01 1.963108922059148753e+01
4.231564539265750824e+01 2.389223127340943975e+01
3.102977988025325473e+01 2.043398036229017123e+01
5.687406188498812298e+01 2.158797641222627206e+01
4.896851252343388694e+01 2.207154193554691446e+01
2.167801038416167003e+01 1.953389343011598811e+01
6.274873361111292525e+01 2.300396121898502599e+01
3.977458903800668111e+01 2.533322006632943513e+01
3.422810068840031761e+01 1.873297295346246827e+01
4.838642107605652143e+01 2.406190272006113418e+01
4.889815673373747984e+01 1.846630436160707944e+01
4.286725916447107210e+01 2.415616507172969207e+01
3.444697864152523437e+01 1.994203362456370598e+01
3.581644091326825219e+01 2.617976424138707259e+01
4.433236006075890856e+01 1.946402694806338474e+01
6.731051312731931091e+01 2.042350865526303494e+01
3.024626415220961917e+01 2.059190936781912740e+01
7.208274824128424996e+01 2.311609101010883194e+01
6.718538105143775852e+01 2.698386509859616922e+01
5.470504784437329704e+01 2.318382680196063816e+01
4.416233850802161953e+01 1.861900374756601906e+01
5.690931706315892313e+01 2.456177890688501364e+01
4.836658957755837207e+01 2.208048532899965721e+01
5.600030187252603753e+01 2.455860276981399792e+01
6.106037234388780632e+01 1.980112181828929607e+01
4.756262983286697477e+01 2.355600561815802862e+01
5.718933427897130883e+01 1.874971841923402138e+01
5.196995954883443147e+01 1.839896468691912546e+01
3.997754864684132059e+01 2.308010922391428110e+01
4.390171683721830220e+01 1.883479745702634744e+01
5.665175127130613930e+01 2.327171021417712637e+01
3.866463227134762803e+01 2.367780397841715256e+01
4.550183198180268818e+01 2.309536981463581640e+01
3.704105907686267329e+01 2.034996559736957167e+01
5.276323804840396292e+01 2.014003319506351275e+01
4.804505102190869081e+01 2.107656087757337815e+01
3.675416497926725867e+01 2.123669897386714212e+01
3.599322834753382949e+01 1.935502003426938344e+01
6.032877037251913066e+01 2.215264124658601830e+01
4.835006825510811268e+01 2.034593906493878279e+01
2.678683474233019979e+01 1.926362886760839999e+01
3.837789344480035680e+01 2.162207811736837826e+01
3.498937368769480116e+01 1.967631726287083183e+01
3.971625445616584926e+01 1.986353754336676047e+01
6.713363467970222587e+01 2.322721743237586978e+01
5.734535632016365270e+01 2.394416022334593919e+01
3.752614946730319900e+01 2.097232597691069955e+01
3.105844707867731458e+01 2.226857703311901560e+01
6.464904278691469131e+01 2.127230303374865983e+01
1.840839816410097285e+01 1.921742021421394853e+01
3.038610108009529753e+01 1.911823749829073904e+01
5.043624194756916523e+01 2.223528872228848030e+01
4.260249841120545256e+01 2.172850972758571331e+01
4.091707753473002640e+01 2.325155725289914699e+01
4.205266015944097546e+01 2.094408514705731150e+01
6.895914163607783109e+01 2.572891077496155177e+01
3.085835761080171125e+01 2.250722451685205172e+01
3.149626360905818956e+01 1.944129109110178177e+01
8.268065888976994415e+01 2.338687044925401892e+01
5.042491527153949704e+01 2.530166437952651037e+01
5.705587061795213089e+01 2.566974855285894108e+01
4.913845602874372531e+01 1.952822757978541901e+01
5.938937107710233931e+01 2.174831785783073812e+01
3.008525173239481632e+01 2.353058568159228869e+01
4.637376978312914844e+01 1.845625028531497236e+01
1.285803188687059162e+01 1.933761458329205141e+01
4.164500710416290730e+01 1.947728700139029456e+01
5.115855811898573080e+01 2.456696252335063946e+01
3.446973740848379464e+01 1.994940966440162100e+01
2.174837716527160225e+01 2.155212317675782074e+01
3.599297026297107038e+01 2.494711814998938948e+01
4.764063236523086431e+01 2.307477178569233800e+01
4.351480731580204520e+01 1.942932268224701886e+01
5.249192046115712884e+01 2.741487028524083058e+01
3.785993752584405314e+01 2.153933197050822912e+01
4.024454815384822837e+01 1.870159534431178727e+01
5.762986396727772842e+01 2.803230572690561928e+01
3.819886143175040161e+01 2.006368561292468300e+01
6.865349177293526850e+01 2.738330856713460904e+01
2.994728807378568902e+01 1.953347145494994663e+01
5.210609388618681237e+01 2.183535790431422186e+01
5.101632193790564429e+01 2.439900741106325199e+01
4.005910037259431533e+01 2.130954918179561730e+01
5.749332113411000478e+01 2.242286355321326496e+01
3.954270582456921801e+01 1.911026651546838551e+01
3.541753638349409528e+01 2.171583503134844406e+01
5.074918452974899452e+01 2.315812068516429534e+01
4.256892384163698040e+01 2.024175535400433645e+01
4.945645976529588239e+01 2.667212138553158240e+01
4.440387965817854621e+01 2.342100817560034898e+01
