9.421957676681230964e+01 2.486244474540409044e+01
9.080852271970347545e+01 2.920079964816109097e+01
7.601419336943088467e+01 2.579617605729358232e+01
5.261815605886815206e+01 2.585880474642895166e+01
6.194165718276018850e+01 2.892920229771107543e+01
7.814410582552864071e+01 2.713119441044080205e+01
8.471925371546176109e+01 2.992017731024859017e+01
9.162193309517563478e+01 3.079584633249606185e+01
7.338838026194495967e+01 2.583412964270956991e+01
8.192835011986970528e+01 2.838228800742012226e+01
6.823608215492230045e+01 2.816824611274533652e+01
5.519645797380278651e+01 3.059454009558803733e+01
9.577785852718893977e+01 2.822320463758565623e+01
6.573947278521259818e+01 2.882717551265362488e+01
8.126233235810225608e+01 2.739153564570168342e+01
6.366181639065330700e+01 2.622260726966301903e+01
6.519009651160035901e+01 2.424940009294679300e+01
7.895002017659328430e+01 2.830697522687600198e+01
6.658612693211649969e+01 2.887450994289894979e+01
8.706836750332909958e+01 3.150846527640978323e+01
7.692066695111292063e+01 3.043927049251274752e+01
9.118206620056082556e+01 3.447849166009046229e+01
6.318552628018541384e+01 3.566037751985072646e+01
7.246809258350468497e+01 3.251581182787580815e+01
5.658079122416376094e+01 2.608916129359583280e+01
6.198609717503007488e+01 2.910573492819437647e+01
6.505496865138553630e+01 2.767214796882966255e+01
5.884509861372928441e+01 3.154902964130362975e+01
9.012549198148418839e+01 3.132992711483665360e+01
9.733342837419192506e+01 2.884769646387472974e+01
9.575496180543375146e+01 2.736930045502360187e+01
1.032059606218411147e+02 2.789670774805299658e+01
6.988885122857821841e+01 2.574189632836244002e+01
6.926408210991486669e+01 2.683080357570507601e+01
8.377516534881416987e+01 2.534723875811166849e+01
7.215618855912529739e+01 2.925167444437148134e+01
8.284836470280498588e+01 3.028500670795883565e+01
6.073327628090844144e+01 2.513430589723440178e+01
9.028714086926194682e+01 2.970263401560779570e+01
9.533917144938249066e+01 3.412243977914268100e+01
4.075842045863541330e+01 2.699670858645809801e+01
9.285907423964391683e+01 3.193764022601480690e+01
8.371233949852225464e+01 2.951806585133827809e+01
9.287798717268182713e+01 2.620621744312145296e+01
8.728142643652078903e+01 2.843578491006212516e+01
8.260848152866363137e+01 3.054586892108382656e+01
5.521450457426768565e+01 2.525600557062797691e+01
5.511909987203087979e+01 2.517058316762110337e+01
9.602528384931612493e+01 3.068961358172191467e+01
7.668714003402575941e+01 3.331652831775918600e+01
8.882679910548880287e+01 2.954283648443830756e+01
7.224422408713584787e+01 3.399884995586242553e+01
8.529852884033857663e+01 2.973179511129376706e+01
6.166652622502406444e+01 2.566011536562103146e+01
1.091890925910649770e+02 3.182998071406027663e+01
8.389420128021424716e+01 2.515535693061087485e+01
1.201206849841672408e+02 3.204600547084880446e+01
7.553734875241762836e+01 3.106182014374450873e+01
8.477627243616790054e+01 3.260996152661356007e+01
9.434612033638326523e+01 2.716848729606543245e+01
7.017458223918964677e+01 2.660122559075249171e+01
6.808933199086391141e+01 3.001435060273940536e+01
5.822085155108141663e+01 2.716274764740815684e+01
6.556737339643443363e+01 3.000784184249010167e+01
3.401585041922506036e+01 2.937732377917144078e+01
8.200281944669191603e+01 2.843745362412731836e+01
8.442576846732983142e+01 2.875122875945014300e+01
6.784564966727896262e+01 2.798256416304155536e+01
6.276327045877079058e+01 2.905048248156694513e+01
7.341074214668503828e+01 2.498473765133259050e+01
5.450023772937362310e+01 2.585061031177420077e+01
6.908498299610835147e+01 2.555030386590156155e+01
5.208579269942559620e+01 2.395483821650305600e+01
8.300637960036928575e+01 2.863503119785001161e+01
7.696542463240119503e+01 3.593450384264686903e+01
6.395273020005107156e+01 2.874749343220349829e+01
7.189775141595427499e+01 2.637293206622175745e+01
8.463965986020002674e+01 2.728937119888539087e+01
8.746015120534146092e+01 2.759190236471514979e+01
8.021357888720066853e+01 2.898857252986964639e+01
9.151873661783498903e+01 2.990296974310729539e+01
7.049376476319937979e+01 3.206985748185129381e+01
1.054971979615609143e+02 3.251535659451187854e+01
8.032687083625985736e+01 2.575899719754300676e+01
6.420278029917251672e+01 2.672207297714236773e+01
1.009232507399174068e+02 2.940739977190594345e+01
8.024541182603611844e+01 2.462813134082215072e+01
9.850086985965425868e+01 3.138458024235832156e+01
8.928075652394886674e+01 2.928732259327789933e+01
9.333725852368850440e+01 2.963668634082744191e+01
7.852208836769652578e+01 2.970507847933167156e+01
5.531545756703715000e+01 2.629706422416605704e+01
7.642621020170368240e+01 2.544786417490652042e+01
7.488055136645280641e+01 2.896680339424504069e+01
5.840815498663783245e+01 2.912577773089397937e+01
5.220719121075065772e+01 2.886361967911062365e+01
6.724992706810527920e+01 2.554559236602320738e+01
1.005424473768012064e+02 2.960652198952427838e+01
8.137835174879570843e+01 2.737432754453842776e+01
3.754714082975817036e+01 2.776684855760283099e+01
