1.271063869803330562e+02 3.815226617056795533e+01
1.446790754683796933e+02 3.688306058853157765e+01
1.453013952613853235e+02 3.610870234956804836e+01
1.405894328853405568e+02 3.891337726839400091e+01
1.240677441085170898e+02 3.857317640728292929e+01
1.081276874637121779e+02 3.767265104840716816e+01
1.414335048373064865e+02 3.171887335398854191e+01
1.092248266041138010e+02 3.738352571667614654e+01
8.213432076358368761e+01 3.834326393485664397e+01
1.272531885309986706e+02 3.642575187557163474e+01
9.567433058993084671e+01 3.308933922542556871e+01
1.370078671505894192e+02 3.310395441218126678e+01
1.210888890504271984e+02 3.863712411170166661e+01
1.436898856429567957e+02 3.820412990839685108e+01
1.087607778834131551e+02 3.491180345405255991e+01
1.719332626397105344e+02 3.629515534927938347e+01
1.064530134420368626e+02 3.431461137101712211e+01
1.072319297374162801e+02 4.019806930269618306e+01
1.501615401148658577e+02 4.052932512055084402e+01
1.555159598476859344e+02 3.592551364319628249e+01
1.308261989514061554e+02 3.607778166976709855e+01
1.217301513771772790e+02 3.262638236417852511e+01
1.141660185688795082e+02 4.033461779395252478e+01
1.164607604341563700e+02 4.078544970597838670e+01
1.178601675884465436e+02 3.617919611717742612e+01
1.324054744116812117e+02 3.467373997467080926e+01
1.568051641197305344e+02 4.127839635193176093e+01
1.202333854014306098e+02 4.059417244642096989e+01
1.607267924454813226e+02 3.853945018894622621e+01
1.394373899306516762e+02 3.781980003580205363e+01
1.243894881090055975e+02 3.510502741857263231e+01
8.970671768921663158e+01 3.240744987343585137e+01
1.118803399019667637e+02 3.357525122101742454e+01
1.315947120002284692e+02 4.090440278931785656e+01
1.258257129756317738e+02 3.886150329897541411e+01
1.314490786980329915e+02 3.966251497263133530e+01
1.239368417702603864e+02 3.639092676065200038e+01
1.569380552452004167e+02 3.836561421861178189e+01
1.151314997822900494e+02 4.047648117170539450e+01
1.019485604209939993e+02 3.364564313365518444e+01
1.270935448371023853e+02 3.977503137855496362e+01
1.341558331160769342e+02 3.536836507870422253e+01
1.624810260850802308e+02 3.964931901351629762e+01
1.387215758883057504e+02 3.927004203035114216e+01
1.204242299767813194e+02 3.486466212504945617e+01
1.571197684324441468e+02 3.607785045358409093e+01
1.024069882666538547e+02 3.822821906143784787e+01
1.055729993501583976e+02 3.850952049231469232e+01
1.446572581931464754e+02 4.075027071053965244e+01
1.493149928135648281e+02 3.825685785758575719e+01
1.219723606023760993e+02 3.715140801820037808e+01
1.522975183846943992e+02 3.051779042251110852e+01
9.977113906945767496e+01 3.254934852454103833e+01
1.351236530730984100e+02 3.472135983654830227e+01
1.572225075199602315e+02 3.759418726227914220e+01
1.349104983525625130e+02 3.748086500001559074e+01
1.394516763813299463e+02 3.828439946330973953e+01
1.410414118447211536e+02 3.791416708740639763e+01
1.439250497610952380e+02 4.160793413446646838e+01
1.469827906987468111e+02 3.946174889149362741e+01
1.372124637672572476e+02 3.903826067681475109e+01
1.189489740069503938e+02 3.827128109868154837e+01
1.200912200362343327e+02 3.638488398079474706e+01
1.485048246057116899e+02 4.000047346752413802e+01
8.503329564885075342e+01 3.466193082179864859e+01
1.080081760907806654e+02 3.794192362669950569e+01
1.228583881054578058e+02 3.535431912276295918e+01
1.311420133647762327e+02 3.935647517820547847e+01
1.403309606268358323e+02 3.725067316862569555e+01
1.448624284540123881e+02 3.268090466175296882e+01
1.112070505913429912e+02 3.724866372227520372e+01
1.000392537353637579e+02 3.350556488770535424e+01
1.025994845255279131e+02 4.110819363983961949e+01
1.730457293486804531e+02 3.922359399758317977e+01
1.487451774906323863e+02 4.019169792464862212e+01
1.322049798372691782e+02 4.035146240341959611e+01
1.195618148848835887e+02 3.606640321919725523e+01
1.363758675535789848e+02 3.698828317145193978e+01
1.404626725735827506e+02 3.776565468519738289e+01
1.109605446448602208e+02 3.492495661113775185e+01
1.530401603451087169e+02 3.272517360619257687e+01
1.419404959740166419e+02 3.654669943063701254e+01
1.515919374850015515e+02 3.936787131405900197e+01
1.049008494003354599e+02 3.537696119960327223e+01
9.158462572074535046e+01 3.624056478311349139e+01
8.894442278428057591e+01 3.737649678365011141e+01
1.174438448509213941e+02 3.242836176891943012e+01
1.704251776340116749e+02 4.054800991701456780e+01
1.530542060662683070e+02 3.715391385853774864e+01
1.504960960337107281e+02 3.815353863562896919e+01
1.313597359943790082e+02 4.061110156870399379e+01
1.259289336692635857e+02 3.749282949797301256e+01
1.218753656333707909e+02 3.099466532979641187e+01
1.296524776308413038e+02 3.756659430890184126e+01
1.130472075837540871e+02 3.379237218577159751e+01
1.780186251243939637e+02 4.152092217107053784e+01
1.150294400518909583e+02 3.425287948762584023e+01
1.158724340244487365e+02 3.664943303719818601e+01
1.556436674883393039e+02 4.043389614026136059e+01
1.155002338580543579e+02 3.772902860228731470e+01
