1.988744926215850057e+02 4.376205630617865694e+01
1.565183640803063554e+02 4.253125225489117156e+01
1.554038571960052479e+02 4.456263870325375365e+01
1.541847256519862412e+02 4.163003429237808461e+01
1.261714242360123706e+02 4.475085157013051429e+01
1.687736137398236451e+02 4.511353269314761150e+01
1.859238476623723386e+02 4.320018044630631948e+01
1.866893244783166210e+02 3.870338904855965012e+01
1.772101292026677299e+02 5.019791507989427259e+01
1.956399736195247954e+02 4.879739765816461983e+01
1.366087004602543686e+02 4.539212035781310561e+01
1.380031085679893579e+02 3.891944179449637886e+01
1.665204648491192359e+02 4.150236289787724786e+01
1.450033835504501099e+02 3.989882862473352532e+01
1.461820250743546694e+02 4.117209178489025589e+01
2.125578709884300395e+02 4.517265819060555998e+01
1.732828890719075901e+02 4.300995345266876058e+01
1.481637420451390881e+02 4.244388499384770341e+01
1.712388663371650068e+02 4.740544386661132847e+01
1.645701501545699728e+02 5.091375674363079185e+01
1.811174089338339286e+02 4.286750296389181614e+01
1.637758049463101315e+02 4.242917505848735971e+01
1.858519411518455797e+02 4.520285845259601842e+01
1.584224277930545099e+02 4.159323327659111413e+01
1.871968023101242125e+02 4.255919884437506084e+01
1.236581857218842089e+02 4.042758362396418192e+01
1.456498763467828610e+02 4.011947572494661785e+01
2.051700275230592467e+02 4.289343831768059090e+01
2.149455705624581299e+02 4.297032101672936477e+01
1.882263389727515630e+02 4.244817202249582522e+01
1.653127285213011248e+02 4.207263816891548913e+01
2.056099141731245936e+02 4.222881168656569884e+01
1.951202309861579067e+02 4.287156530133761123e+01
1.712269579469252108e+02 4.659614131814426941e+01
1.512611240260417276e+02 4.289409672011760932e+01
1.743261351759084619e+02 4.428052664090352408e+01
1.527873387394276108e+02 4.231084645567633373e+01
1.810199675335967981e+02 4.787544345504644383e+01
2.155168987208930673e+02 4.316486789116257228e+01
1.708651829476081332e+02 4.424779318854632493e+01
1.898532675124321258e+02 4.670925437468630292e+01
2.302799860720619449e+02 4.146617664342871734e+01
1.856936382746575305e+02 4.489855175831384315e+01
1.631433265418605458e+02 4.226065891472146774e+01
1.542964933951590183e+02 4.302182092957467319e+01
2.019293839751715893e+02 4.594741813318284329e+01
1.464064505954145829e+02 4.149061809570076775e+01
2.013006930423871381e+02 4.228908102261352298e+01
1.911853914081835910e+02 4.031913291730785431e+01
1.694862421632345217e+02 3.963532117719142178e+01
1.888757384433035611e+02 3.747905738035554890e+01
2.009368468486241852e+02 4.482272460421503268e+01
1.859733046615807268e+02 3.783214121693249155e+01
1.610719288689135169e+02 4.713165621473498135e+01
1.648043150259840388e+02 4.341282846143777618e+01
1.713176248174005991e+02 4.493630373979039661e+01
1.780252181584586424e+02 4.616158122240388195e+01
1.802927138350270582e+02 4.641511031344661120e+01
2.251592739737050124e+02 4.730897281416049083e+01
1.831196208372537058e+02 4.214576176576873223e+01
1.512434630736972565e+02 4.466906912666871676e+01
1.815446761989090305e+02 4.408508286373233886e+01
1.207089362485022690e+02 4.233574762033410366e+01
1.379181584713891482e+02 3.939660290089066308e+01
1.800208809343332916e+02 3.979247381273918904e+01
1.688911775440312226e+02 4.284627910688443109e+01
2.419197392784579108e+02 5.044221804636475781e+01
1.843911111636460873e+02 4.431104898763439337e+01
1.102396021855504955e+02 4.382841037191187183e+01
2.189953554606530020e+02 4.711106587077313890e+01
2.048919190473779679e+02 4.625345403744211836e+01
2.064556559723949647e+02 4.675427560336243005e+01
1.732071861063478764e+02 4.205669902883478528e+01
1.961508442571748105e+02 4.772083553968143832e+01
2.044066826792913503e+02 4.111536752202655975e+01
1.843522773251704052e+02 4.037157170005250606e+01
1.824782697821241584e+02 4.907514363358394149e+01
2.041990109808295415e+02 4.332603651748922857e+01
1.846002161326439932e+02 4.851306053349926373e+01
2.042833699718780736e+02 4.617147802213793994e+01
1.060855068936301819e+02 4.398310856506974176e+01
1.536869975545636464e+02 3.981210957827532582e+01
2.579427380553296985e+02 5.063176826004239217e+01
1.735976202200938872e+02 4.644191740710102323e+01
1.672934304409421031e+02 4.208263203346912462e+01
1.632517697080797348e+02 4.202963296798735371e+01
1.758559685179764926e+02 4.634164019874979346e+01
1.666131915681752957e+02 4.298318125180131233e+01
2.355181167218462974e+02 3.928066224014386165e+01
1.708868920277229222e+02 4.492189376261037381e+01
1.440147130242201854e+02 4.437147837486029545e+01
1.499423345830693393e+02 4.142068265716044806e+01
1.725496772782162793e+02 3.990306051405173804e+01
1.482299848769373796e+02 3.823108534434734906e+01
1.879041136327671779e+02 4.829374586274172998e+01
2.109732563411587876e+02 4.382473396839783675e+01
1.250438991090645544e+02 4.552864205072845749e+01
1.634955356171495282e+02 4.386138162089063997e+01
1.157931741848875333e+02 4.146608402767645885e+01
1.894685769650955081e+02 4.398373616214193049e+01
