9.284657086468457976e+01 3.291307280071642793e+01
1.127629339358997242e+02 3.237089939182259712e+01
6.213220404302754929e+01 2.832799801210562407e+01
1.014255592163503366e+02 3.329234601998501120e+01
8.341768595602535186e+01 3.270016136757843839e+01
6.048477924946624285e+01 3.038478106767285070e+01
1.238592923164714108e+02 3.387013998620762578e+01
4.488316926429219933e+01 2.915178542929503180e+01
8.320145510523542498e+01 2.525132664586402242e+01
7.863227852941734852e+01 2.829090316684225215e+01
1.093409633548664885e+02 3.188835666966216209e+01
8.065438036327496718e+01 2.876212620644679774e+01
4.777326539348985790e+01 2.724976989119465998e+01
7.894564758717838515e+01 3.333978608519488063e+01
7.670023568273593639e+01 2.612562637716198921e+01
9.562473597196485287e+01 2.934854212448385624e+01
7.451510181116621823e+01 3.394015951575588019e+01
7.667116498836907112e+01 3.034385302326667144e+01
1.032409987555869435e+02 3.287193514173699072e+01
1.031200657634348232e+02 3.458054128268240390e+01
7.286159562216981556e+01 2.983598486342249601e+01
6.387821686947263089e+01 3.143551485247695254e+01
9.064649265140153034e+01 3.056497563970784270e+01
9.594828989757374416e+01 2.939028905929258784e+01
6.779383903565863534e+01 2.928979740627938710e+01
1.004983423356112837e+02 2.624270614713252314e+01
1.168251846305950323e+02 2.955040260133667118e+01
6.069673219382995910e+01 3.015218049177904547e+01
7.846781950475748602e+01 3.506163819329278653e+01
5.372007172401362141e+01 3.196141247660236573e+01
8.194331586696434044e+01 3.155980344333386256e+01
7.793867586216309462e+01 3.449252467561035473e+01
8.606799783482624377e+01 3.471483865517723189e+01
7.585708957812126130e+01 2.846958637724318208e+01
9.138077828152709969e+01 2.648310635150134473e+01
8.615121769730230028e+01 2.902443664836808424e+01
7.947549596573419706e+01 3.303707648166668776e+01
7.843911496604088995e+01 3.204256002075676690e+01
9.666810769068095510e+01 3.218278359963874635e+01
1.006788394376713427e+02 3.059491148527389726e+01
1.146641011675170461e+02 3.111440134779468636e+01
6.490510029777443890e+01 3.086339601611790329e+01
6.776879029371015406e+01 2.452091659901024201e+01
4.340077756917970220e+01 2.447227183669052408e+01
1.162836644605664276e+02 3.210154685052624757e+01
8.927838566048606594e+01 2.886654161483689407e+01
9.371977967659366016e+01 3.021034896100686495e+01
7.192079395286916110e+01 2.928633392472235286e+01
6.084504362605174776e+01 2.700268275684497610e+01
1.207180129850309385e+02 3.146798841099601773e+01
9.459589750589148593e+01 3.535794990634666135e+01
7.335063418789830791e+01 3.247678354259031863e+01
9.494220946635822145e+01 3.257647876289075839e+01
6.572221518957117325e+01 2.880777253919849556e+01
9.522176249451928243e+01 3.002835192792404229e+01
7.953715103199088787e+01 3.146004767756313925e+01
6.862998913084173580e+01 2.956702317483492237e+01
1.073678785127120818e+02 3.143410665245167834e+01
9.535099479848213377e+01 2.495967738888234777e+01
8.792863823521130939e+01 3.399990223861686189e+01
8.541980450223312005e+01 3.012820828454674427e+01
9.187460585440355487e+01 2.982397352784748534e+01
7.421269112057807149e+01 2.920927315511869082e+01
7.515295978037968894e+01 3.068700993050179449e+01
8.130713226532347448e+01 3.260172243396401370e+01
7.905029730779614283e+01 2.721383227072452016e+01
6.013413601089735749e+01 2.791981638547567357e+01
1.037145219723247891e+02 3.298262349518533654e+01
7.871375661886024488e+01 3.181317101205722153e+01
7.285428141098454091e+01 2.735314109897572266e+01
1.197454346696099208e+02 3.107686044426752758e+01
1.029157540952529786e+02 3.156464413351007536e+01
4.766223964985720585e+01 2.809111834193107526e+01
1.087475928573479393e+02 3.340955183867097844e+01
9.975068491261050951e+01 2.993961022018346441e+01
9.923303126515233430e+01 3.394477456531745219e+01
1.063972711644785534e+02 3.133310720387097348e+01
7.776854179413267332e+01 3.051050722209321364e+01
8.691135047140684833e+01 2.672205454353433396e+01
6.520047091544478235e+01 2.913018033251426431e+01
1.007969445165253290e+02 3.468929958426070215e+01
9.349746741053611743e+01 3.598598532980730624e+01
9.126314474343510597e+01 2.596436991658835680e+01
8.255142194048222848e+01 2.866798485333241686e+01
9.769208312595706900e+01 3.068713052196259028e+01
7.887972938456907457e+01 2.969965085080860590e+01
1.099584534125673372e+02 2.958657692427503960e+01
8.409959737844650363e+01 3.406552960085137727e+01
7.170519327335492221e+01 3.321255179420464998e+01
8.384431041219799852e+01 3.138643635596601555e+01
9.373142537262756946e+01 3.302447645005661769e+01
8.416949120320400368e+01 3.189891723475658125e+01
1.079939858216448272e+02 2.619655210267310252e+01
9.985762909579301549e+01 3.019109377376069858e+01
7.162778118260864346e+01 3.111078370845109831e+01
5.837373022225136765e+01 3.213990384050574534e+01
4.821218186917390369e+01 2.609971994573069409e+01
7.398198053785746708e+01 2.822052872077309260e+01
7.802150275585239569e+01 3.136913797235522594e+01
5.988579362690425256e+01 2.995841180756885791e+01
