2.334096153736377488e+01 2.269775970184391056e+01
1.225182014485210225e+01 2.094305584480190774e+01
2.256818621900038480e+01 2.252968948508959812e+01
3.520841367998648508e+01 2.339501487155464332e+01
3.870682577731306395e+01 1.902579583572316224e+01
3.571912676746040205e+01 2.202807594534915125e+01
7.557533024079314998e+01 2.453594625337401425e+01
4.050017956414316700e+01 1.935747238519129709e+01
2.808733524004631477e+01 1.915061841152894573e+01
4.007234690807741373e+01 2.349796953080545592e+01
4.001331509302848843e+01 2.465896459209890423e+01
3.229540704207594359e+01 1.477439261373941370e+01
4.111685002054230864e+01 1.782987278797932973e+01
3.298973419076579461e+01 1.782482935911201594e+01
4.112462316123214379e+01 2.318533246823569272e+01
3.654774380322798066e+01 1.862906546983512612e+01
6.239018796578923087e+01 2.529945186568109960e+01
6.485633894937292609e+01 1.944834820021962685e+01
3.331390748611899255e+01 1.777060867317445769e+01
2.848526782032956817e+01 2.605422174533661561e+01
1.483558619885686447e+01 1.834161836476585705e+01
4.694016855350949413e+01 2.159776868531876204e+01
1.543832782784564550e+01 1.806885232441953448e+01
3.910495522704523097e+01 2.481210189091354579e+01
4.295773895940822484e+01 1.924743648741328883e+01
4.008844570150555597e+01 2.044586185316284244e+01
2.331663575492902396e+01 1.898999066685911075e+01
3.537514043087372073e+01 2.266752719863016807e+01
5.479305820491310186e+01 2.293386666112579775e+01
2.721075733557292864e+01 1.915361945600436400e+01
3.423602846133427846e+01 2.001679705101258833e+01
2.766168647753982057e+01 2.081802538322188312e+01
3.812074333458764386e+01 2.035779718377797920e+01
1.044673384900481672e+01 1.862734920855330145e+01
5.069324095424765630e+01 2.114840924860792626e+01
5.275564036087275355e+01 2.186008961464023059e+01
4.668307056030115376e+01 2.329196717508128955e+01
3.720076936928261802e+01 1.900493725910052589e+01
5.576299801119772326e+01 2.436738236268319469e+01
1.717581503611773996e+01 1.789614528325709486e+01
4.904897015451204823e+01 2.521814773448344837e+01
3.508567414974663734e+01 1.669657479340111550e+01
4.745609280558586818e+01 2.127200132559536172e+01
4.890911531085375685e+01 2.247010849063103421e+01
8.517302166805976071e+00 2.148172614318178120e+01
3.754049955492239832e+01 1.755638436795160118e+01
4.382844245455380161e+01 2.243060884543068312e+01
4.261157345723244561e+01 2.309773930943226716e+01
5.643828505189789979e+01 1.837735501073596822e+01
5.412560122497969672e+01 1.856484791696007264e+01
4.529331550848218058e+01 1.930506252697619018e+01
4.084022055870462964e+01 2.145299177986906614e+01
7.550252879455543109e+01 2.325254480708212412e+01
4.251858734381758609e+01 2.065177353076877864e+01
4.319856936873040354e+01 2.048895120718647789e+01
2.360174705994450051e+01 1.708391245720579832e+01
4.227199483536570312e+01 1.896717923651962678e+01
4.372082739747706626e+01 2.291226448210732514e+01
5.883965420585789019e+01 2.133825299002149478e+01
3.822066895767631678e+01 2.245869975947011099e+01
3.955963534690884842e+01 1.909680121633029515e+01
5.681464695279719024e+01 2.689904284590126693e+01
4.887211379661015087e+01 2.242259895115935109e+01
3.448501518467446658e+01 1.756274051726365570e+01
4.116413039631175508e+01 1.880708031684581272e+01
3.452558924046248734e+01 2.276033298938680360e+01
3.564088155071564756e+01 1.549866664559561080e+01
3.438137866706502876e+01 1.799765134307472891e+01
5.012153455440809324e+01 2.070816991468119639e+01
2.740548500625345696e+01 1.749435558589406625e+01
5.176385093436964269e+01 2.327074414284168213e+01
3.696228821681277310e+01 2.177067961951589936e+01
3.171325349892406820e+01 1.730653044552853004e+01
3.900391921743945289e+01 2.166884726579549181e+01
4.019050713214777915e+01 2.155729524025482746e+01
4.162913992412389774e+01 2.223255979382604863e+01
3.684872596830891922e+01 2.107013932904566644e+01
5.544582451578684612e+01 2.282522266339850603e+01
3.254527475562984051e+01 2.033582754822483807e+01
4.495101349667775992e+01 1.956411582317593911e+01
4.965763791374569536e+01 1.867345498789334357e+01
3.184670260589397017e+01 1.706411697540880468e+01
4.093959180753097371e+01 2.262422165637893556e+01
2.854050314421691681e+01 1.925446499419581414e+01
4.936316848246371336e+01 1.941880422071532664e+01
4.020998873638883708e+01 2.205124515981471234e+01
4.658053545933064044e+01 1.646578135677002663e+01
3.687764624119560608e+01 1.583540366404207234e+01
2.753451728905336182e+01 1.957036066964676024e+01
4.707355041445606503e+01 2.341170340871707012e+01
6.406345738285980929e+01 1.883285347927198217e+01
2.874348725571491414e+01 2.084276819985204199e+01
3.086782970523064762e+01 1.830732336096106749e+01
2.417319772485643981e+01 1.970735509072751057e+01
5.350501241349026316e+01 2.316740834904126345e+01
2.859286719090524542e+01 1.925066393561006706e+01
4.438731051466006505e+01 2.412074242345896735e+01
2.801569414920272649e+01 2.047272495959352767e+01
3.264855748057277651e+01 1.688440639912173680e+01
4.581304637041243666e+01 2.347637718630238624e+01
