1.183029093413032768e+02
8.720937982655118503e+01
1.297430431464375431e+02
1.378792717960008645e+02
1.722813747783054623e+02
1.460553237149656809e+02
1.158121070906530576e+02
1.010145263516560874e+02
1.256806017149857126e+02
1.329030497829760691e+02
1.551795024237891027e+02
1.467379478902442429e+02
1.483472113524344422e+02
1.348508667351142094e+02
1.353179455963331179e+02
1.052132991331523613e+02
7.638852081241381597e+01
1.282400814387720231e+02
1.057872834741549468e+02
1.351985367064987145e+02
1.078409295191465560e+02
1.251518822215605553e+02
1.498556388037713418e+02
1.508503091108707963e+02
8.564742197501266219e+01
1.690575333186077955e+02
1.585521603357400409e+02
1.466566755503101547e+02
1.214683038392035286e+02
1.048762595027888125e+02
1.026637654513233286e+02
1.148571988944203213e+02
1.069173456128142021e+02
1.185023909515026332e+02
1.541890278721191976e+02
1.069416586294852323e+02
1.480324724099801017e+02
1.295025322315108269e+02
1.325814586314135681e+02
1.493180970317482092e+02
1.296664214763397354e+02
1.474604437212573771e+02
1.376613097131534573e+02
1.372674164039566449e+02
9.572917799634282687e+01
1.282335466590879491e+02
1.097413630527504012e+02
1.190660942943231930e+02
1.574189204940976197e+02
1.045776348602188648e+02
1.299559272108239156e+02
1.266134424835253469e+02
1.461547266702535239e+02
1.417125513359590059e+02
1.559212722189245710e+02
1.409773365877992433e+02
1.053586107887242065e+02
1.245322752485206621e+02
1.177142164879595327e+02
1.462852153093239735e+02
1.194441888056685741e+02
1.253229350866173490e+02
1.285717846923100467e+02
1.193209483618821167e+02
1.802230745137613894e+02
1.505903008815911335e+02
1.183374048269066634e+02
1.433970696886619294e+02
9.940344916111061480e+01
8.218970849559667613e+01
1.139921933076424381e+02
1.553664832837397398e+02
1.112255598068409768e+02
1.065058543779946660e+02
1.679666552101813863e+02
1.263814370887902214e+02
1.192287198213168153e+02
1.201107321450920011e+02
1.173982424561835671e+02
1.427462393921944681e+02
1.659275561724309682e+02
1.393662326854051514e+02
1.483624179856510068e+02
1.369968595384612229e+02
1.414017574401118509e+02
1.411567491898357503e+02
1.142946827765870808e+02
1.281937482098584269e+02
1.136733926181697996e+02
1.439600379829782923e+02
1.441771053970990693e+02
1.164147354036092850e+02
1.495818944869670304e+02
1.129339077929945176e+02
1.549718637925863334e+02
1.528454312660697099e+02
9.760249346660776837e+01
1.143870428941290527e+02
1.340524216212109820e+02
1.507781905062029466e+02
