2.601152874329685716e+01
3.302646188368456137e+01
2.263744326659070083e+01
5.583772592154626579e+01
3.454353753255713855e+01
3.209221526783835543e+01
4.469723176606579784e+01
4.067293030370798590e+01
3.307639246259569887e+01
2.248069792274543488e+01
2.026517112505734985e+01
2.686014078969602537e+01
3.326515169516191150e+01
4.772128896827674538e+01
4.055346834449733961e+01
3.303014586072848857e+01
3.571510033691705388e+01
4.861001868137286408e+01
2.703090173750975111e+01
4.417243118009437097e+01
4.860595274704124336e+01
2.539087386213487818e+01
3.044263560065773788e+01
3.362749966583558603e+01
3.014367537211879267e+01
3.424737517054455083e+01
2.963043327238110436e+01
3.373668068269661546e+01
4.379062490895635307e+01
1.783714246978166784e+01
3.928042016681310145e+01
2.560049749021055021e+01
2.746026273891043701e+01
2.814715982561913776e+01
4.597242285683702789e+01
4.121894466399866985e+01
4.368687419301529218e+01
4.065456746970632906e+01
5.640854918199680412e+01
1.653900156003183497e+01
4.493835354648501834e+01
3.672113410798769451e+01
2.139464694077688733e+01
2.130862522057883268e+01
3.851772076234570363e+01
5.231439255994308724e+01
2.437130779377775269e+01
2.967650618539551033e+01
4.261817568121046662e+01
4.698236682117058649e+01
2.388746334134008720e+01
2.304871138954189291e+01
6.157201456739918655e+01
2.977613910482800463e+01
4.307189907385048855e+01
4.538638918688276647e+01
3.976942578386024962e+01
1.889713121864175349e+01
4.738481052975017604e+01
4.325557970253293405e+01
2.336645890001787507e+01
2.731667502982418938e+01
2.214048132512630218e+01
3.821454449739451320e+01
3.462206229981881478e+01
4.228586062389007338e+01
4.263977495570174625e+01
3.845555865318748801e+01
4.575560227654555945e+01
4.397212429541632162e+01
9.365691307028470192e+00
6.067400263617700062e+01
2.765230888109393703e+01
5.669959306126874310e+01
4.120800904332123338e+01
3.232252655774105676e+01
4.705303350376048854e+01
5.491645698527035790e+01
3.012340734239558060e+01
4.026485250283142392e+01
6.333709905555294029e+01
3.403324027170452126e+01
5.309317848603836154e+01
1.824449829950168578e+01
4.369574768969109613e+01
2.888491938966749473e+01
2.633816813079494068e+01
3.461499140597039315e+01
5.640322376728399689e+01
2.716116116941543623e+01
3.824961873389973732e+01
5.095014974651851247e+01
5.000941195610378287e+01
6.713442127377061297e+01
3.523741001100940196e+01
3.052267198061394282e+01
3.061227477165560629e+01
3.124241458523417947e+01
4.439536877381108582e+01
4.077991841540257667e+01
