4.401038472315893557e+01
2.988851968368064149e+01
4.743389675097346014e+01
1.823099333311220249e+01
4.526297171680744924e+01
5.330287492508752933e+01
4.723607052509598958e+01
3.933604222445432441e+01
6.237647200972061512e+01
4.196149983495938329e+01
6.242797830229014266e+01
6.359160184117854442e+01
3.651044732943222471e+01
3.823570672577933038e+01
6.483161530529295646e+01
4.975924670251235682e+01
3.749706836123339571e+01
3.341382899779489435e+01
3.542805520106723094e+01
3.120094492773264960e+01
2.078752774306847328e+01
4.577331653422125157e+01
5.008142853904485037e+01
4.143391067410799167e+01
3.650675065477316394e+01
3.983637696296903385e+01
4.432859164549106623e+01
3.622419646053438669e+01
5.741025820455118378e+01
3.708117859886043988e+01
6.029166873768792101e+01
4.400368457744799144e+01
6.096599143217726180e+01
7.135746013275456789e+01
6.176250748205563212e+01
5.768638101356926740e+01
3.781834287026309482e+01
3.897230005838986244e+01
6.977445060707464108e+01
2.114866960703884047e+01
3.253842207568709455e+01
4.516451773179696971e+01
3.566046654349330680e+01
3.325811454156933422e+01
4.767834960178524994e+01
6.232423117928721723e+01
5.279628064158701761e+01
3.037954298365690420e+01
3.367524848907292778e+01
3.678373404221692056e+01
2.903286453891087859e+01
4.799629307404440226e+01
4.745336834313956587e+01
3.579648093884848237e+01
7.573094773908087518e+01
3.864364639864182038e+01
1.330721473705585112e+01
3.680897912767819946e+01
5.922241199736731687e+01
7.941221816574399384e+01
2.966369136034447962e+01
5.403424189845079439e+01
3.448671029517754505e+01
4.487505371675685950e+01
4.926048105570237823e+01
4.484349877615785118e+01
5.447360642180188250e+01
5.268579834414083507e+01
5.076134432103009431e+01
3.625948076458631419e+01
3.659709094714205690e+01
5.468288781108421404e+01
2.315114173193535407e+01
3.519173913927115649e+01
4.400099351003871107e+01
3.121555433442063787e+01
5.241514780194026457e+01
3.027917188912085322e+01
5.307534967608297904e+01
2.459357006494599318e+01
3.471881031808251095e+01
2.265351018606845912e+01
3.280645384282689037e+01
3.792949843270626786e+01
5.675653838087494307e+01
5.494322070374492739e+01
3.119509524365945907e+01
2.246997375052195878e+01
4.400108479284506302e+01
5.713154680127153284e+01
2.665543199837019728e+01
4.322026658727754977e+01
3.785537253076633846e+01
3.538036554296968461e+01
2.791529676773624402e+01
4.364044948845486260e+01
4.701272260390346247e+01
3.895661487615113572e+01
5.597780979415912839e+01
4.012986493033457691e+01
