2.106977177605010070e+02
1.795306080675738087e+02
1.753275259163897886e+02
1.945631689680631951e+02
1.639173937562431433e+02
1.670340054695267042e+02
2.003237678894591909e+02
1.861043898711932343e+02
1.894522147186684151e+02
1.414570147749191449e+02
1.404334113895902192e+02
1.874100745522712259e+02
1.684829499033076274e+02
2.164282492344360662e+02
1.624014240043544248e+02
1.740008442717715411e+02
2.246835190590172431e+02
1.580909802548127345e+02
1.629866447765274984e+02
1.665586252627853980e+02
2.073377717533673774e+02
1.688408124874013083e+02
1.382952557389409094e+02
2.207629681947993561e+02
1.992845039455940821e+02
1.820864800729867454e+02
1.514642141822822907e+02
1.153465006428637594e+02
1.842876317955380898e+02
1.553821510065886571e+02
1.748770161448311455e+02
1.384126673074216853e+02
1.837407501762744459e+02
2.085223541484386374e+02
1.659826386149023563e+02
2.050245549785643959e+02
1.873413909208572079e+02
1.712619214465143784e+02
1.969053974952550732e+02
2.358079675484684969e+02
1.825249498851075316e+02
1.740865214100544165e+02
1.541484758488051057e+02
1.848031269328364488e+02
1.616251203890435875e+02
1.751368646920413710e+02
2.213390526132590992e+02
1.761886978759767999e+02
2.104804574165971758e+02
1.739968977309305558e+02
1.938871000317874120e+02
1.875830387969598974e+02
1.472874236058228803e+02
1.457735149142062596e+02
1.714695191594861399e+02
1.870247133087486020e+02
1.923525673467619868e+02
1.531051524381917659e+02
1.516545182825605593e+02
1.816790611167587883e+02
1.829886004274227105e+02
1.326208258628469707e+02
1.592359549878437974e+02
1.698437787935074255e+02
1.682965139094614813e+02
1.735989202356372800e+02
2.156298475249276123e+02
1.629678803394897670e+02
2.143369035176597492e+02
1.683645859184194649e+02
1.992505888942584420e+02
2.278772631736322296e+02
1.944956409349112505e+02
1.985185662482093676e+02
2.241739529463688712e+02
1.366125669909761484e+02
1.894248613095232940e+02
1.533952338047081128e+02
2.303908737344103770e+02
2.172767924637613248e+02
1.322617286661736102e+02
2.001924824987009117e+02
1.635251183564952555e+02
1.842941955949650321e+02
1.566353340740228646e+02
1.772792791812775590e+02
1.715821709545775775e+02
1.745750783261352979e+02
2.198041832909022730e+02
1.914977766706621196e+02
1.642648164913501603e+02
2.122073424611265011e+02
1.851189495698313578e+02
1.094457593921944181e+02
1.592138082588876671e+02
1.831220008272526343e+02
1.929046832574327084e+02
2.039574471788726555e+02
1.238181608465238810e+02
1.708437382600613148e+02
