6.015043229116663781e+01
1.387063297871080465e+02
1.201032451718912597e+02
1.345174964900097621e+02
1.259084141442802860e+02
1.005914599792569533e+02
1.174677187448936166e+02
1.686286696081547234e+02
1.056053296591506552e+02
1.447850522934029982e+02
1.302748623906909984e+02
1.444544589776077146e+02
1.278897725863656518e+02
1.219028279708596898e+02
9.896051723875650907e+01
8.971407239568267755e+01
9.660418810933455802e+01
1.050368940598814333e+02
1.369171267864037702e+02
8.234314540121214065e+01
7.030465342474316515e+01
9.148124243613287376e+01
8.337319593198284906e+01
1.224086756260299040e+02
1.347824694654082975e+02
1.159346286445524186e+02
1.138670365489950456e+02
1.281121863131437237e+02
9.978776186637439594e+01
1.087244048155571647e+02
1.154383871694170409e+02
1.528328426611473105e+02
1.082661159082221616e+02
9.602208873001478651e+01
1.302753561448318180e+02
1.108018934032002392e+02
1.375745130368935918e+02
1.055236750049957237e+02
1.115584520768439205e+02
1.097353343997518067e+02
1.145521430463859787e+02
1.383033745232836509e+02
1.205914504309658781e+02
9.113063357662713315e+01
1.074140584032808619e+02
1.031112060042445080e+02
1.032052227242752451e+02
1.040031258429895047e+02
9.752258388035218672e+01
9.000274469322032189e+01
1.021389110513347021e+02
1.177910333482521565e+02
1.031152478242650403e+02
1.165451247709986973e+02
1.112014360113009985e+02
1.446975908264126645e+02
1.210992661070473844e+02
1.398239821387258814e+02
1.061584271711834759e+02
1.180759567554026717e+02
9.833085090847143306e+01
8.111095797534018459e+01
9.675801474587504458e+01
1.011713872233694929e+02
1.266892537834682599e+02
1.391192356381951640e+02
8.911877650263178907e+01
1.551001117725953407e+02
1.142180321159059986e+02
1.389124233880162365e+02
1.221641875819558010e+02
1.401697160035179479e+02
1.498987759679279179e+02
1.111126632440177673e+02
1.331663653426897440e+02
1.040855553417459305e+02
1.125138932715008480e+02
1.096908462749855033e+02
1.144069465360177844e+02
1.054118296169385900e+02
1.008742307941976861e+02
1.172862190782257272e+02
1.406439457372084689e+02
1.268924173844302032e+02
1.020701152392356477e+02
1.165376755669498721e+02
1.190109819855182423e+02
1.239883653781117658e+02
1.276209273203182732e+02
1.030519567470944367e+02
1.221495036267761947e+02
1.179147734997246886e+02
1.176898658594554377e+02
8.810990811422844615e+01
8.585970900876287715e+01
1.233653509443680889e+02
1.354334437589818094e+02
1.025787149030547880e+02
1.014687108382038332e+02
9.904785821320440675e+01
