1.842100385325553447e+01
1.341254438562220130e+01
2.075970340375122802e+01
1.606944145177526195e+01
1.066502390436457048e+01
4.701566357309548749e+00
7.240882812385990519e+00
2.203341635934670606e+01
5.556617646438400726e+00
1.610049488921837124e+01
7.171218029275582495e+00
1.468708103855882641e+01
2.000415946372809728e+01
8.995847930857014063e+00
3.057883641833500121e+01
1.324744168873882089e+01
1.141486504915415523e+01
1.487159763605933804e+01
1.786844656600746362e+01
2.901343763245332852e+01
3.886230415403908012e+01
3.078295503348261875e+01
2.095907257685360392e+01
1.735879813398937443e+01
1.008072227974360402e+01
2.215172093895710503e+01
2.738859807421598092e+01
4.314055578854412687e+01
2.339400423977541621e+01
1.974924199716257789e+01
1.916851232701677432e+01
3.168656014562828460e+01
1.442135767470789176e+01
2.427215240500710181e+01
8.365212749356768285e+00
2.206332799738076034e+01
2.339816447600890115e+01
9.614937188585049199e+00
2.504000960745526783e+01
2.320200605712603803e+01
1.138735164611505724e+01
1.255328255630377754e+01
1.201983580958812325e+01
4.837898783977085770e+01
2.607033712683835702e+01
1.516428078536806012e+01
1.365525287682603661e+01
2.536574803072292283e+01
2.513894700700184259e+01
2.298614022158999859e+01
1.340470442450057220e+01
8.989280903179921012e+00
2.202182739072996043e+01
8.281020201284452043e+00
1.094365385477276220e+01
1.817515229737447768e+01
2.388184183370495006e+01
-1.380075447404777833e+00
8.551306338327886891e+00
6.184586038541720399e+00
1.866445907171378593e+00
1.302162568879995419e+01
3.311247295491455134e+01
1.541508226454065422e+01
2.499620261936974330e+01
1.307288713773046851e+01
2.976511618769978895e+01
9.919561155589470047e+00
3.542846632858945810e+01
1.547762723684895647e+01
2.658046285555879962e+01
3.197217530932821106e+01
9.964440897409534870e+00
-7.344065138426216777e-01
2.664614038624513626e+00
2.685163480319631191e+01
1.144651941602680267e+01
2.855588179867928034e+01
2.873019492364797145e+01
9.585464614688714136e+00
1.793613871504302182e+01
3.888781909469997800e+00
2.070137886641354186e+01
2.291048215056267523e+01
7.849461697176742803e-01
3.008120707945756678e+01
2.183067765554409689e+01
1.764590188104597246e+01
2.170543255474818523e+01
2.536945589898575548e+01
9.203912218370870590e+00
9.588008098781941158e+00
2.076538950485199919e+01
-1.468617533742261116e+00
9.924412546451168993e+00
3.105016613522796121e+00
2.818819037626622759e+01
2.441455338583739731e+01
1.952305009677586867e+01
9.824246871866836983e+00
