9.716961415525405243e+01
5.981670710589220619e+01
5.353306990502032647e+01
5.281504583888481363e+01
6.492971519701420391e+01
6.519238196124508988e+01
6.691089848799208539e+01
7.390860395588892118e+01
6.372798465706446791e+01
8.301614085991101888e+01
7.007070995987757556e+01
6.592422585507620170e+01
6.231267333301831002e+01
5.519908334565481312e+01
4.371510315884728470e+01
6.573514306010689268e+01
3.139179438143023049e+01
5.669437412919667452e+01
5.069867818527735892e+01
4.988046028584706448e+01
5.942921061656251425e+01
8.261010045930122203e+01
6.589361770832324794e+01
5.834197374516612200e+01
3.218337420645279678e+01
6.680664174601770355e+01
5.926349392485739997e+01
8.019859963482277010e+01
5.906307189830269522e+01
3.607811642612220737e+01
5.631039466210829403e+01
4.567095790289577906e+01
2.896125975477600889e+01
8.255679466656411591e+01
7.257687691180663592e+01
8.217154825193932766e+01
7.283946161558264976e+01
6.884325446936234982e+01
5.643047905124190322e+01
5.505349966304270026e+01
8.587504704451544058e+01
8.197381133557541943e+01
7.096303355595955509e+01
5.176536368603463245e+01
5.267318151115588876e+01
5.847531023306301279e+01
5.914631024435895768e+01
7.498919947210325176e+01
5.033208977828249431e+01
5.759831879511416730e+01
5.556418629191352920e+01
4.653010273148916554e+01
5.254243018943489574e+01
6.115979436245941514e+01
6.696010244467544226e+01
8.966766917507180779e+01
5.384657177775240200e+01
8.854959356762488198e+01
6.066967615113232171e+01
3.951088585770602890e+01
7.381421065910868151e+01
8.034883923416818163e+01
7.887595002237323172e+01
5.672233605178489313e+01
6.413365987688759162e+01
5.184393435459446664e+01
1.019785781865373906e+02
5.141551501456308415e+01
3.750324020959364191e+01
8.179903885712670331e+01
8.759969363515372720e+01
6.753823133177732529e+01
8.222419893831416005e+01
8.377852220968341612e+01
7.231518297025549202e+01
3.074044682196975486e+01
5.475788841843562693e+01
3.604185406531341584e+01
4.837505153565078331e+01
6.925500844091695285e+01
9.431306754221034794e+01
7.274794613880143856e+01
5.703203553569681361e+01
6.834382471954131688e+01
6.105646701218677208e+01
6.635486327529920914e+01
5.624700197132415269e+01
8.033184022527152024e+01
6.138012321255156678e+01
7.256012095240242843e+01
5.472196380938763127e+01
5.513422166874660491e+01
5.035572370410534404e+01
3.907324867035198679e+01
5.584619865301652908e+01
6.568028467480694133e+01
9.734547832007169177e+01
4.459283042022924803e+01
6.741196080230412235e+01
7.242193765524964988e+01
