1.285574794898414375e+01
4.119157128255755751e+00
2.422395014200360208e+01
1.619435747229913858e+01
7.620170545991697963e-01
1.243953694187107750e+01
1.770882607010648613e+01
2.304796420027019366e+01
2.103786658138977828e+01
-9.242229241985366883e-01
1.602200669448493286e+01
9.680650867795405290e+00
8.616409899030518460e+00
6.107468050871695198e+00
2.591037040345160847e+01
1.447502195543788517e+01
1.007439524071381953e+01
1.831374869484628221e+01
4.325762723038577562e+00
1.209949753106489645e+01
1.167844526773925296e+01
1.001333036243674712e+01
1.641531774672851185e+01
1.799610045273690773e+01
1.658695017429267438e+01
7.010052527933385846e+00
8.942618733089586769e+00
9.804039673162590063e+00
8.082374265425862347e-01
1.498113631429889558e+01
2.160556679907950084e+01
1.139568598223106832e+01
1.301128846396411731e+01
1.184246677315924678e+01
9.129345433791485220e+00
1.827650182987041916e+01
1.199950954627876776e+01
7.085247095079791890e+00
1.016435893255168565e+01
1.343683166424531628e+01
3.455098420371271573e+00
2.072287884657163914e+01
1.139442706096041746e+01
-7.834710283426572275e+00
1.249094719006109599e+01
3.582201375037083579e+00
5.541276010101062965e+00
2.639276462656177102e+01
1.276234163465935545e+01
-1.986197240886879101e+00
1.728571269647498809e+01
1.391249054390673123e+01
1.492989179688482970e+01
1.116794476675373460e+00
9.145598338950044592e+00
-2.966467192837995981e-01
1.163961412075125956e+01
3.914202897486884325e+00
1.482298405294282873e+01
2.421921555517745617e+01
1.450345789672456576e+01
1.866540691391865892e+01
1.960598920411467105e+01
1.954949302464930838e+01
3.629594765295689029e+00
6.939824351602416286e+00
1.589734445799061113e+01
9.772386891232006434e+00
1.373764716018968279e+01
1.144398546087343860e+01
1.494008677907340399e+01
2.623108188227904236e+01
1.055711073628590491e+01
1.375217443604838508e+01
1.626694643371170912e+01
8.215285746672391198e+00
2.851910035567941293e+01
1.192605709870894870e+01
1.665448506763707570e+01
7.964809399271537416e-01
1.229735273777922622e+01
5.976950002896264991e+00
7.081916486987354986e+00
1.447699002024829973e+01
1.283983518935017720e+01
1.607497660285584828e+01
1.389919332894406701e+01
1.572959010539808133e+01
5.610305675180711660e+00
1.598972327566778517e+01
3.744561139163922192e+00
2.125440266016185831e+01
7.411932145086396417e+00
1.478835951279293681e+01
2.077958200180189863e+01
1.511606632890286406e+00
5.536118930350898637e+00
6.529405926719469733e+00
1.412808746917957947e+01
1.831518823008048003e+01
