3.529964319139476459e+01
4.630098250878523913e+01
5.883651723686340773e+01
3.164575820499228342e+01
5.246172974649529408e+01
3.622624750431310048e+01
4.271652829453277178e+01
5.205375570026738785e+01
3.950071694572567083e+01
3.702593672690267113e+01
4.656608064377791578e+01
2.209527980906935340e+01
6.055898807063468325e+01
4.108228665894215936e+01
5.460812926356786079e+01
2.232731658832772581e+01
4.708469391716965902e+01
5.957160860593032936e+01
6.379230995276918748e+01
5.070587169367031066e+01
5.324584201648663395e+01
6.798111934356089137e+01
4.825672284113846899e+01
2.081161020169695774e+01
3.883461117089501613e+01
1.591800619542173223e+01
5.211412266843334606e+01
3.250650760287769003e+01
5.371788352588609428e+01
5.438749945444246237e+01
5.068442891797920424e+01
4.528515972289201841e+01
5.331841287056176526e+01
4.720491919896959132e+01
5.831677591412044137e+01
6.402631734868865010e+01
5.087222065498723111e+01
3.716906881601169488e+01
4.446784478439897725e+01
5.331641948362875638e+01
4.331702046569262166e+01
6.008979086132815439e+01
3.351232095730167515e+01
4.296923213341195691e+01
4.402070369563393371e+01
3.047047239101699745e+01
5.500566109415462535e+01
7.574147942099013164e+01
4.617873352274872900e+01
3.466323046473691250e+01
5.921743705129901514e+01
3.470285470896212843e+01
4.902262294270941112e+01
5.193153369030275002e+01
3.264653096608462590e+01
3.668782791592993675e+01
5.972231434078719303e+01
7.789118475099115813e+00
5.024960103421900470e+01
5.449378695762693781e+01
4.915082796242008101e+01
5.486597779746492165e+01
3.156080198311670415e+01
4.019705382203980548e+01
5.070853037127260166e+01
7.139967396128002974e+01
3.378756514517146314e+01
5.114947120883238796e+01
7.194767808982615520e+01
4.912185664153601294e+01
5.061033143930914946e+01
3.361315697728923624e+01
6.201125959616969396e+01
4.561027601979678536e+01
4.276984906624070248e+01
2.773602448957872468e+01
5.710486881960089534e+01
6.754338518982410733e+01
5.316568709481297361e+01
2.835256814745645215e+01
2.952202148609202226e+01
4.288129234369555576e+01
4.405692565256678250e+01
5.318995902539131038e+01
4.192389915584873705e+01
4.972227014613142160e+01
3.180119061259775037e+01
5.326192437900936483e+01
4.830697787480450955e+01
3.918565634082649751e+01
5.322953775000941334e+01
5.804560456114442957e+01
6.500334525525438778e+01
3.282692276240804574e+01
5.463585889066288104e+01
3.441005110231282771e+01
5.241308393763804219e+01
3.514629445079123116e+01
6.097484312706379939e+01
4.039349474029609155e+01
