4.694966349915405601e+01
1.096268661220856444e+01
4.207572946749807841e+01
3.450905322927948760e+01
2.767975282745864263e+01
1.682601568599026365e+01
3.497360269762812379e+01
2.408408535365321157e+01
3.676650222114211175e+01
3.477224098639469219e+01
1.918982982354956590e+01
4.575134166473228703e+01
3.101567994331597333e+01
3.703410380367117227e+01
3.110822186629552988e+01
3.538518371079373992e+01
1.988536504563408869e+01
2.898405468923289519e+01
3.209941881474139791e+01
1.754451067168191969e+01
2.953627242464137481e+01
1.532526898003793292e+01
4.062228108770191426e+01
3.144189453903727127e+01
3.622128988959458695e+01
3.841683019845604008e+01
2.673315094286913052e+01
3.935605812022362215e+01
4.084225750365465046e+01
4.722639410153756501e+01
2.566338871272260747e+01
4.301602188680182337e+01
2.990380180516050501e+01
3.007988853809882812e+01
1.482788198156882942e+01
1.395510807919672658e+01
1.753450624079784603e+01
3.203623574561679987e+01
2.845225459661141798e+01
4.500725413785624340e+01
4.140024428257422784e+01
3.163203623218392835e+01
1.520496274347237886e+01
1.385266344304234920e+01
4.331997988963360058e+01
2.661301395275580006e+01
3.554837972378669519e+01
5.046964258243252743e+01
4.628852568588003891e+01
2.985912188419836610e+01
5.377320617115099566e+01
4.442746878539661282e+01
2.798429146002507295e+01
3.402442889483720734e+01
2.897311686687655907e+01
3.223643580360949557e+01
3.626844628959339190e+01
3.860695464497351281e+01
4.507910056663087062e+01
3.823859460605279992e+01
3.059850011860365981e+01
4.669631003069952158e+00
2.141999490674570694e+01
2.219361893681835340e+01
5.773981215787159726e+00
3.101708440409049672e+01
2.015670370008710677e+01
2.730789090115982276e+01
3.480292736502551065e+01
2.471767912927629141e+01
3.539508725308897397e+01
3.423038816190168632e+01
3.856389360673935585e+01
4.534125564681269793e+01
1.288066438552281312e+01
2.434539820370511620e+01
2.203787233544141344e+01
3.408271477706243502e+01
2.074880678184649696e+01
3.073151073960486457e+01
5.168143509815591585e+01
1.839912677946176700e+01
2.014163017063556538e+01
1.613459778798903699e+01
4.009744905031445228e+01
3.828436691481924470e+01
1.612657038929030051e+01
2.737870595137064100e+01
2.684456911804804591e+01
4.156986362379772260e+01
3.511523338905826108e+01
2.868327346235005848e+01
4.179185696346559098e+01
1.439548321704867817e+01
9.616181091598939190e+00
2.273243544916567771e+01
3.323035777077834041e+01
3.643149592559814209e+01
4.102269004586532475e+01
2.525213183008791162e+01
