4.809163206452327444e+01
4.482071730485512973e+01
6.761375254304518023e+01
6.193210745886386803e+01
5.703631450889749033e+01
6.203502637373013329e+01
5.167188802514578327e+01
1.929106752830823268e+01
3.846569842133720840e+01
5.864745561704561538e+01
8.671225522959271359e+01
6.030609110688551056e+01
6.580440158785262383e+01
3.293988713492616682e+01
4.092312694371439363e+01
2.775738213961969336e+01
4.608351986742599138e+01
4.793611938702468933e+01
4.708935473122357962e+01
5.424333244745393756e+01
3.719897215498848198e+01
6.648804189880581816e+01
7.619841070955916962e+01
7.935374797701642535e+01
3.368866261971284359e+01
6.078211027032904923e+01
6.031450014933515291e+01
5.786349422859014169e+01
4.535595664640898406e+01
3.721871691144217920e+01
5.408705659970976143e+01
4.204315143383263376e+01
7.131634490254994319e+01
3.498738979327433896e+01
6.187663171575042043e+01
2.955122421792584930e+01
4.972747572410899863e+01
2.986867903664956003e+01
5.785556408465395606e+01
4.333680261690455637e+01
8.644564586353799029e+01
6.068147059972938706e+01
5.885779563773120771e+01
6.661905312610852548e+01
3.720308831813557759e+01
7.398696568675283913e+01
5.971325187601957651e+01
4.266386266592071763e+01
6.312252955398454901e+01
6.464982590133099905e+01
4.109633194979311099e+01
5.343887821615468425e+01
5.087787271637755993e+01
6.913586677235363709e+01
5.251160121034906325e+01
5.559027531671173961e+01
5.089953126045540444e+01
6.842128962398072645e+01
5.014410553173785701e+01
7.291570911116679099e+01
4.549704476440392398e+01
4.367759402673170399e+01
8.825218351401684913e+01
2.457633838555830152e+01
4.085039148285018484e+01
8.235906382181124741e+01
4.411375892410980981e+01
6.947663213224052470e+01
6.908560355281427690e+01
4.394853868958968945e+01
4.650503218812238515e+01
3.992902620046731954e+01
3.972450858683873776e+01
5.707004932511257778e+01
3.892857772942899430e+01
2.131938185783959483e+01
6.973528605977182337e+01
3.263593933638810540e+01
5.428340857722957224e+01
5.850382567035694592e+01
5.275826041739916406e+01
4.438383742632460383e+01
3.351574820397387100e+01
4.896698947986021722e+01
9.015277565547063432e+01
3.252971656676284340e+01
7.729420054964964493e+01
5.230340834996184185e+01
6.142847401836517918e+01
6.748299949285879507e+01
5.971137403019665157e+01
5.466644276858453111e+01
5.294575394733931972e+01
3.942588622469941129e+01
5.783492388597105105e+01
2.840490135810462391e+01
4.220122113187778723e+01
7.092096924227313082e+01
4.606184980779860183e+01
3.171964753832452288e+01
