1.729920040333993541e+02
1.704477316802021107e+02
1.339610535928617878e+02
1.434479665252622453e+02
1.048794478211768535e+02
2.053209046647730247e+02
1.447639940218888057e+02
1.565671687048014462e+02
1.475266956525083515e+02
1.623197420929792543e+02
1.507469265722287162e+02
2.037971004708342662e+02
1.042097981974413585e+02
1.361996421307896412e+02
1.817033803390277455e+02
1.762686315820531320e+02
1.162658378826152159e+02
1.021956536360908387e+02
8.919852023396538243e+01
1.191071418493603744e+02
1.692236790215692963e+02
1.119522990325090461e+02
1.528913636048069407e+02
1.341720018200642244e+02
1.426254532688016354e+02
1.115036070005197928e+02
1.541526943263372118e+02
1.550492597940023529e+02
1.517448320274757805e+02
9.710813699889726536e+01
9.199085308099088820e+01
1.568464884135532316e+02
1.533942655166842997e+02
1.436344952770525083e+02
1.258617950973510631e+02
1.275174389591217903e+02
1.486889118916690506e+02
1.209541158670015193e+02
1.347012817931531004e+02
1.155268958244251110e+02
1.272858274258529718e+02
1.471501607082616374e+02
1.996014205292517545e+02
1.592012930689372183e+02
1.243359912253362154e+02
1.205681023242257481e+02
1.532300249017154101e+02
1.327016484115157482e+02
1.516279206827214239e+02
1.248086932758477019e+02
1.375163171802352053e+02
1.435008895203489772e+02
1.774357229630571737e+02
1.026338907025653384e+02
1.472714011705109840e+02
1.492468221781431339e+02
1.763692145752599743e+02
1.518659518296273063e+02
1.678661182954610638e+02
1.324785673588335158e+02
1.103250579362482995e+02
1.835607477864827501e+02
9.273004701190663468e+01
1.525039099916529040e+02
1.328818677435883728e+02
1.556444922336691832e+02
1.195763480817101652e+02
1.640805077737834381e+02
1.484493332118872218e+02
1.203376981653003952e+02
1.199587919218442664e+02
1.572271034393467630e+02
1.252579413797334382e+02
1.307296972473946255e+02
6.556013067515033299e+01
1.650674004240408408e+02
1.239725568188874263e+02
1.194535547735880527e+02
1.238888074199959419e+02
1.061188196174112193e+02
1.041514482047608396e+02
1.773804373227774818e+02
1.379189288716611657e+02
1.161417074919021672e+02
1.833018182743576858e+02
1.899625302605493857e+02
1.062258931190903581e+02
1.163893556891930530e+02
1.153300184266739166e+02
1.240907091234807353e+02
1.667382716950032204e+02
1.366957563243089453e+02
1.311903879308150351e+02
1.077068841146877389e+02
1.467230854828916904e+02
1.476926922510268412e+02
1.826675273785658931e+02
1.353702048466061569e+02
1.472609581049530618e+02
1.631469560716461160e+02
