9.881888893277441355e+01
1.269193528106157913e+02
1.204428050456098873e+02
9.036876195932759970e+01
1.292143734383794822e+02
7.314722698012991486e+01
9.745019822137928145e+01
1.081633265398702832e+02
7.419316215280180415e+01
9.319571471305479804e+01
1.739009221053135832e+02
7.604006143923506045e+01
1.276246399965020970e+02
9.542182300671716177e+01
7.529784533047858019e+01
1.070878579278256097e+02
1.243207761278571013e+02
1.071817006058714696e+02
9.421754641495314786e+01
9.720563268977636540e+01
9.726322845774359394e+01
1.279190483095606794e+02
1.177884220777296918e+02
9.843520786442303461e+01
7.866892278685443785e+01
7.167476975148167639e+01
8.433222550758003422e+01
8.692441327158007880e+01
1.066469507686198881e+02
1.040594256041624703e+02
1.071810366848469727e+02
1.099343036953697208e+02
1.223797870022925309e+02
1.048881298992580327e+02
1.164960012929274029e+02
1.123890144034093765e+02
1.141386657364498660e+02
1.342703029855937018e+02
1.536871533178852474e+02
1.085670881224734785e+02
9.798861852819302953e+01
9.185613050845124405e+01
1.031514553255149167e+02
1.046736697820650477e+02
9.471533888337798146e+01
1.367109319511186811e+02
1.211717682259076270e+02
9.258351117334007085e+01
9.003662114346670364e+01
1.462706457040951307e+02
9.504090857978388840e+01
1.513308228496337051e+02
1.123217878354202099e+02
9.954132537871227271e+01
8.862996697860725703e+01
1.307088630054295209e+02
1.058108165919732500e+02
1.103518285704844573e+02
6.733478563951538831e+01
1.102294048407174643e+02
7.193840204732117627e+01
1.203518288440221227e+02
7.008845406646248932e+01
6.355591592567466819e+01
1.384045176026746731e+02
1.154961294889162957e+02
1.224149037022119728e+02
1.156238489505317943e+02
1.009594396435027051e+02
1.197224024496800610e+02
1.154797418749329552e+02
1.117531950178209570e+02
1.117157858852668966e+02
1.106414733845059004e+02
1.297114604050110245e+02
7.631414424700935228e+01
1.313229236650313112e+02
1.384516439495453710e+02
1.320991261681336084e+02
1.118604102292462699e+02
1.261547827566161288e+02
1.212949279069162429e+02
1.026465883785466531e+02
1.178854561521860802e+02
6.770956473559684241e+01
1.522884572977078790e+02
1.163801357487957233e+02
1.182036261422744303e+02
1.545661555341905000e+02
1.026156929564304789e+02
9.676106463306938110e+01
1.399282526455071434e+02
1.353755054909228193e+02
1.145812008148890158e+02
6.721756612604693260e+01
1.203116217706097473e+02
1.241343866235922775e+02
1.135600191457284041e+02
1.083475578707540876e+02
1.607922238647216204e+02
