1.645301358749141230e+02
1.959864761988239366e+02
1.433637776683115987e+02
1.918378545565376498e+02
1.367506564573967580e+02
1.622512139650700078e+02
1.636223168612214351e+02
1.469800197775479091e+02
1.422174075254582704e+02
1.772389234416611430e+02
1.502587369444251237e+02
1.205956459523528110e+02
1.578086071807703661e+02
1.404447522159994719e+02
1.656583528589734158e+02
1.578973303734887565e+02
1.611376123750528677e+02
1.795605996215147400e+02
1.432043380332490585e+02
1.582989649687681037e+02
1.632113792346546575e+02
1.449271829090184553e+02
1.510777086508750813e+02
1.703577420655801404e+02
2.064071004152430646e+02
1.698603806995288892e+02
1.646770551904127444e+02
1.755647666926980719e+02
1.254537225058755894e+02
1.901857941963027656e+02
1.925206558354821880e+02
1.743273371568940036e+02
1.542730052422428457e+02
1.356895155407269158e+02
1.237811277033941622e+02
1.848165910685791857e+02
1.961033725755884234e+02
1.846997352615497334e+02
1.505421846111839557e+02
1.574182322633164688e+02
1.952767550562709857e+02
1.869751452253676405e+02
2.065431157316235726e+02
1.709380795161082460e+02
1.653467981415233510e+02
1.450082836957233212e+02
1.841808459071580444e+02
1.871259209757704127e+02
1.996278757093220690e+02
1.640841592884989097e+02
1.369065305008786595e+02
1.994016163413114100e+02
2.302804999391105412e+02
1.926492217437907755e+02
1.346524974315950089e+02
1.664800364199475098e+02
1.533043751551136893e+02
1.498428155844334242e+02
2.486244132028041349e+02
1.723743923060094403e+02
1.798752694023345953e+02
2.076252516050066390e+02
2.162460944239125524e+02
1.777996071973607286e+02
1.767582403127823341e+02
1.599721772400453119e+02
1.475909308419688841e+02
1.494588642270740877e+02
1.603652097044926563e+02
1.693054615180314784e+02
1.601569413855526420e+02
1.620793749866970472e+02
2.096762740768887738e+02
1.742687701473010122e+02
1.841816420227303013e+02
1.890095557641556070e+02
1.676752019236100182e+02
1.712901554870190068e+02
1.899340387767728089e+02
1.547031222707753670e+02
1.642456048434452782e+02
1.062053414862934346e+02
1.623066606763267998e+02
2.018822147982886293e+02
1.262368531707843715e+02
1.796958865524937039e+02
1.679305340883036592e+02
1.998431284213808965e+02
1.783634584715741482e+02
1.447045084489742521e+02
1.660019685345036748e+02
1.932473444822498152e+02
1.430093493236682320e+02
1.776494432647051838e+02
2.092919454702463611e+02
1.404279512320626111e+02
1.664137671748953835e+02
1.908070284895530904e+02
1.743615131763720285e+02
1.678987520035036027e+02
