1.230825528534098012e+01
3.479618913438429217e+01
3.669359299680981934e+01
2.294546760020882203e+01
2.403266052713264500e+01
1.188491380472193626e+01
4.030728486582154346e+01
1.463539620265117236e+01
1.387533443144407386e+01
3.711970487995129986e+01
2.592183813328834674e+01
3.211051640764956971e+01
2.631561816576912705e+01
2.108831826275374510e+01
1.689119496231359463e+01
2.061952091364702966e+01
2.473470274761064758e+01
2.611840108527821513e+01
1.648783454683824345e+01
2.138075402437209149e+01
2.189571387947890102e+01
2.872201943420517978e+01
1.877575103714409721e+01
1.605808142047025555e+01
2.409268316030098589e+01
2.637483770097528435e+01
3.769619001473095921e+00
2.900072427116186446e+01
2.029101474362615321e+01
1.964027069657664271e+01
1.754935495143386248e+01
3.560743108051032380e+01
4.037049238509478499e+01
3.329080364872538667e+01
1.022700286497576982e+01
3.523586611939568058e+01
7.451391285380278617e+00
4.593085139297539854e+01
3.889268276991526818e+01
3.574030148452197864e+01
3.024328534708891070e+01
3.364740443404887316e+01
1.657618792819998177e+01
2.864687118725843717e+01
2.565872884418175914e+01
1.607653012551211802e+01
2.641996660487801662e+01
1.195465284913792203e+01
2.600416833855632248e+01
3.285518182633565232e+01
3.765881001421274732e+01
1.389212714000003146e+01
2.793851413468316736e+01
1.151710201028219416e+01
3.453920444250416466e+01
2.092412847727700864e+01
2.303599011095402105e+01
3.216308821564219045e+01
2.153334062705312846e+01
2.224413599986732493e+01
1.966888942799580420e+01
1.821760552232854025e+01
1.269292146634202822e+01
8.400213596184670450e+00
2.381206892506438066e+01
2.945475926642160402e+00
2.087470761169594624e+01
2.318913026548085554e+01
3.458382939469083084e+01
1.340422126874184272e+01
2.201057356956945554e+01
2.086501011559693808e+01
1.606848851903700037e+01
3.930800736714222410e+01
2.901304331526574387e+01
1.437718800263637320e+01
6.751347293300462127e+00
1.309289857394640322e+01
7.572905045770809807e+00
1.613372986190321612e+01
9.270561084915954098e+00
2.629204308238903209e+01
2.113725642012543204e+01
2.137361284230081537e+01
1.937342339910805933e+01
2.398911257963583310e+01
3.189905136377632644e+01
2.683005260813011006e+01
2.199797289976439885e+01
2.151917261469137088e+01
3.990588682486716721e+01
2.307631642480876977e+01
2.616682971280306802e+01
3.182836759646336589e+01
2.146464075507740432e+01
1.431213139593965167e+01
3.688346119266816459e+01
9.904961488079514709e+00
1.445333478846880482e+01
2.108716084686081871e+01
