5.905298184835376674e+01
7.781248634108858653e+01
8.463537840007217028e+01
8.408409528644332909e+01
7.551683261971079730e+01
9.669243045621526278e+01
5.195383620567747585e+01
7.083412080800439981e+01
4.458760566645278800e+01
1.023162290475832350e+02
7.128431780848494270e+01
5.346377556513107265e+01
7.580977184907020217e+01
1.002512607848691601e+02
9.603418582789470292e+01
7.465592918971486824e+01
9.460867494701730607e+01
7.445055376049091933e+01
8.802603553163805827e+01
7.879962716943451539e+01
6.465900157344557897e+01
9.138695141131600508e+01
7.569940573034931219e+01
8.864777791736666757e+01
8.743199157752911788e+01
5.865928644046616114e+01
7.364464791682982536e+01
6.779503594190902049e+01
6.223735559605532330e+01
6.442914945698301210e+01
6.457509263223357721e+01
1.040496323377488466e+02
6.107085477763558856e+01
5.804468662409810520e+01
9.072826831030508288e+01
8.140909226022715472e+01
7.149223337651177701e+01
1.067908391364466780e+02
8.646110190105193283e+01
9.045877159789364441e+01
4.040721581536325857e+01
9.876938924734459135e+01
9.042082538845090767e+01
4.333517699187947869e+01
4.696550165623878570e+01
7.121320733129985570e+01
8.350259723127653899e+01
8.877378975931414118e+01
7.439965016423643362e+01
8.421999116232761651e+01
1.051451792848937572e+02
9.712311546741584323e+01
6.958110945828337890e+01
8.950600483581344236e+01
9.167378973434607303e+01
8.292902219118749940e+01
7.361326152419253788e+01
8.006672815993938741e+01
9.309537287088120650e+01
8.717879578651529471e+01
7.516312517301801677e+01
7.715425941463333004e+01
7.894001874091196669e+01
6.480609022678144981e+01
6.828875261225410043e+01
5.334685589311632725e+01
4.953683430746691840e+01
1.231920083047957064e+02
7.854966569184870195e+01
6.423489090880639196e+01
1.004089174712211019e+02
4.855040374439556672e+01
7.936345554324016405e+01
8.660980223178900417e+01
7.538544167334512736e+01
2.915942539250789878e+01
1.037458409149307670e+02
1.125347643145514240e+02
7.128356091400287653e+01
7.373820247000411143e+01
5.710007612060960014e+01
9.339118771539419583e+01
8.344366089262935304e+01
1.142071686856172192e+02
9.459789013868949326e+01
9.330377472442991404e+01
6.610570305183104267e+01
7.003286731332529769e+01
5.427285071771473213e+01
5.559234694836642632e+01
6.450320430364831736e+01
8.503409915674073716e+01
6.669377961499833418e+01
7.568075779126046143e+01
8.875962468216077639e+01
5.088735363033325143e+01
8.726480736592463927e+01
6.810615946551288857e+01
1.090536887447487118e+02
8.029700322628283971e+01
