1.884596963579196540e+02
1.565686569016780822e+02
1.463956958952354910e+02
1.783021044884726507e+02
1.682748532078585697e+02
1.686142373892111266e+02
1.751588909122249333e+02
1.738146918680807573e+02
1.484740081475145530e+02
1.496683395967159527e+02
1.766051101696647549e+02
1.789836096791630382e+02
1.334210664047218700e+02
1.725914386436151915e+02
1.672678280580340697e+02
1.669914987705937790e+02
1.568890429832547113e+02
1.566578368019033292e+02
1.604920863100655595e+02
1.592071044496210561e+02
1.560984019347326353e+02
1.946761561678859493e+02
1.513435320678401865e+02
2.032208303991389471e+02
1.635629746568812379e+02
1.338317376640131329e+02
1.790743235256069852e+02
1.471776737791724088e+02
1.590822728345468988e+02
1.408211145845805277e+02
1.529205450430678752e+02
1.264643774165150205e+02
1.585000334850550132e+02
1.682420264756188999e+02
1.255084342192850499e+02
1.750210335836007971e+02
1.590950024561728071e+02
1.631719899421829041e+02
1.573040494162503364e+02
1.418079744005124780e+02
1.066604411079063084e+02
1.582928048503320042e+02
1.677865357319992938e+02
1.712676940354590442e+02
1.728137318467457249e+02
1.649212223713495291e+02
1.633118209594659334e+02
1.159848962790187272e+02
1.299086511799089294e+02
9.889684436228660047e+01
1.278300289876070224e+02
1.455742063813210621e+02
1.603158726580547295e+02
1.544396488368482210e+02
2.053486390488763220e+02
1.381025078492795046e+02
1.716075602942178762e+02
1.488763243197705037e+02
1.840650067703816717e+02
1.890253108013673398e+02
1.678698551765175182e+02
1.865291517842091764e+02
1.572625545239099836e+02
1.759917895754812491e+02
1.368716046510854767e+02
1.396193228253953862e+02
1.817433514984209637e+02
1.507129600881374927e+02
1.701679590026129461e+02
1.479385453143428890e+02
1.904669717177503969e+02
1.735163498320419535e+02
1.288720694885428486e+02
1.588605928499401045e+02
1.473754675156419580e+02
1.779204945451585331e+02
1.746646501147865820e+02
1.946882019954224177e+02
1.691126364718469688e+02
1.310344977939445243e+02
1.368471764247147746e+02
1.880314019446219334e+02
1.709220044380141985e+02
1.963877796586581326e+02
1.374866164171947673e+02
1.793697848990820773e+02
1.814497648072592995e+02
2.219795888322760220e+02
1.763632088668767892e+02
1.853765278161388039e+02
1.447724190965375044e+02
1.689028145759033919e+02
1.819820010489713695e+02
1.862268587072336459e+02
1.480658720823763588e+02
1.979652506780225849e+02
1.942097445427644686e+02
2.040240820325567483e+02
1.671497405077784038e+02
8.543010374807630569e+01
