1.765660966607865419e+02
1.696900193716683702e+02
1.779955518429189851e+02
1.173717857733401218e+02
1.906749848564716956e+02
1.756484407736123501e+02
1.708138052391229564e+02
1.386239087999970252e+02
1.985436800893181726e+02
1.431825447838139382e+02
1.572263470440212814e+02
1.321598508666098724e+02
1.670494457250879918e+02
1.580694317976323475e+02
1.730695625140431275e+02
1.677858903792456999e+02
1.514765527516986197e+02
1.455328463010512792e+02
1.692980098014658381e+02
1.618037116369793864e+02
1.415999519093001879e+02
1.553113623606676867e+02
1.914873460584283009e+02
1.941909647519139810e+02
1.218822174363567399e+02
1.674554731450784004e+02
1.871835876664018201e+02
1.660713268963652638e+02
1.038047791937223394e+02
1.755387447131261354e+02
2.382597411978530886e+02
1.885122200435280320e+02
1.473563739760016063e+02
1.428500932660725198e+02
1.872787652837575081e+02
1.867596143794768011e+02
1.723470637553001268e+02
1.868450339752217815e+02
1.620299409279801068e+02
1.572391718004394932e+02
1.415533285317837340e+02
1.557007912831207364e+02
1.774740811454380776e+02
1.880534533001264208e+02
1.866874978522517381e+02
1.813322321896418714e+02
1.389298592336710101e+02
1.811239893278620343e+02
1.732442539028131705e+02
1.645554571992037722e+02
1.856545749967702648e+02
2.074162156843562173e+02
1.206094697218904059e+02
1.676947367259454893e+02
1.787298504081200861e+02
1.528060007133844351e+02
1.718761331213444237e+02
1.417443249837191104e+02
1.146191075085934017e+02
1.694492992429469211e+02
1.768081997625791359e+02
1.394905086710598709e+02
1.328272323855217110e+02
1.492386482922014750e+02
1.741136326524633944e+02
1.760163081622967809e+02
1.959469226844717298e+02
1.579839898303367249e+02
1.432156237703683246e+02
2.050569476460036071e+02
1.145803100691358622e+02
1.606701015517468250e+02
1.322953955343629673e+02
1.549841021484125463e+02
1.325588310054576198e+02
1.512620924581458723e+02
1.628279658729464074e+02
1.327046409684431865e+02
1.973295955783930253e+02
1.552867154334030317e+02
1.738192169333729282e+02
1.766263563227162479e+02
1.583210463407764337e+02
1.450542962620132244e+02
1.113882486756518233e+02
1.426492544320255433e+02
1.712214960503693817e+02
1.294915913585710427e+02
1.584183961872223563e+02
1.490614876577795940e+02
1.785418647562769365e+02
1.403578559391868339e+02
1.360595630592513601e+02
1.772354642402685556e+02
1.929843999637430727e+02
1.503437228475468146e+02
1.722226178849315659e+02
1.244378081305888770e+02
1.659816157853241805e+02
1.656566937722137993e+02
