9.818783494682467961e+01
1.274948436143096728e+02
1.391630831322277686e+02
1.313389026775847981e+02
1.266244247552025257e+02
1.246805011611552771e+02
9.023976106847419487e+01
1.296644395156049541e+02
1.230729833718538657e+02
7.956859238368036813e+01
1.040333514717400760e+02
1.578924937887678936e+02
1.280415912698161662e+02
1.200988297693395737e+02
1.278552934984121379e+02
1.167142965148876499e+02
1.535853075582096494e+02
1.273913085571080899e+02
1.385323864316133040e+02
1.409676707590778335e+02
1.385627779074937962e+02
1.100043226216255334e+02
1.154973420883479918e+02
1.285385962300195501e+02
1.371443667855862714e+02
1.496461720432522498e+02
1.235531629410627374e+02
1.183012235218906767e+02
1.207763608829819333e+02
9.614505465951398833e+01
8.248156813353691064e+01
1.407817968022881985e+02
1.348722043278726233e+02
8.981399000472575267e+01
8.778586810716507216e+01
1.193690958584391240e+02
8.957088161936547976e+01
1.348332317561733760e+02
1.526003676039937318e+02
1.103915982636812032e+02
1.613187781055094661e+02
8.416868030754415031e+01
1.085317574344746561e+02
9.675653010167758339e+01
1.179646772995279065e+02
1.182066908019567677e+02
1.032248530437187952e+02
1.488441255025327905e+02
1.131369582044684705e+02
1.184452068674806071e+02
1.165915390698942389e+02
1.226562411157884469e+02
1.192293684819887574e+02
9.812026040553470807e+01
1.304299024970381993e+02
1.296210096571286954e+02
1.297214348698760773e+02
1.211311510490918408e+02
1.328073121367636418e+02
1.214144945360257850e+02
1.600170056884646215e+02
1.325853713507568159e+02
1.057869229071857546e+02
1.351304234963297972e+02
1.084583028884877791e+02
1.265098365627147246e+02
1.067615107817011619e+02
1.544369723138501627e+02
1.472884946537779456e+02
1.147563783451744115e+02
1.136888760917349686e+02
1.316178954069658289e+02
1.139884727003281455e+02
1.328170300025876145e+02
1.200804697863360389e+02
9.589540601370669037e+01
1.337108944308519369e+02
1.070283971832141248e+02
1.655666478615239896e+02
8.668293040777670910e+01
1.240544862415731018e+02
1.522613886323073871e+02
9.890388651759599270e+01
9.847593033031223797e+01
1.147042819416998896e+02
1.041520593423232413e+02
1.004861238401719561e+02
1.117878330164212457e+02
1.440125886570105536e+02
1.107878363844285303e+02
1.053353705262481554e+02
1.524475619375696169e+02
1.348861647541385196e+02
1.587549608542473436e+02
1.548674185105077754e+02
1.219865789430008931e+02
1.195212325289617041e+02
1.193028650720546580e+02
1.227927913596426919e+02
9.488209230466424060e+01
