1.879335243055991782e+02
1.474414672298505025e+02
1.861483340493543324e+02
1.619489940282525708e+02
1.844863647738984014e+02
1.501683485181139019e+02
2.188979091801201946e+02
2.074495472039886579e+02
1.822885913003152325e+02
1.571413035260436573e+02
1.863378525709604787e+02
2.404911310923513383e+02
1.661347516020791772e+02
1.502914890243752097e+02
1.600276513914063798e+02
1.837192375978117695e+02
2.042989810064086100e+02
2.033463063992049342e+02
1.586157823871957646e+02
1.372401008259652997e+02
1.508921756968227896e+02
2.351937933237132654e+02
1.776831996594578982e+02
1.578636825220193884e+02
1.348441201852672009e+02
1.981319930082615599e+02
2.032077836421598249e+02
1.256096758058231160e+02
1.594706953134287630e+02
1.989594381689766465e+02
1.489381726318879657e+02
1.837173098270473304e+02
1.588964011640980800e+02
1.584518234368577794e+02
1.712994427362974648e+02
1.642555274523631397e+02
1.533824071312344870e+02
1.940009008310472041e+02
1.872205896732050974e+02
1.693839219372469245e+02
1.698842925817378102e+02
1.896210608834027482e+02
1.969665439470050785e+02
1.509271140713714203e+02
1.501093801102710188e+02
1.438899075843307003e+02
1.802345303659985518e+02
1.345665648288621128e+02
2.073024550718295700e+02
1.523580928868223907e+02
1.813842097181123165e+02
1.706793062647343788e+02
1.639910702753741703e+02
1.492583481431684618e+02
1.346275695340337109e+02
1.795568572699464767e+02
1.521654770868468063e+02
1.895620680546252004e+02
1.411153364271411306e+02
1.669299252504030164e+02
1.769094230881381122e+02
1.813637211031392837e+02
1.655099003493201621e+02
1.813837178159065218e+02
1.481112350164196698e+02
1.969410236471924804e+02
1.782913312372492953e+02
1.768370087055332363e+02
1.421865629239671307e+02
1.703137050739989888e+02
1.784190942123632055e+02
1.988273992914704138e+02
1.997918426914468739e+02
1.431055593911621884e+02
1.679402187833305788e+02
1.298236987993680316e+02
1.764758609661693356e+02
1.385951994418998936e+02
1.855034186651188577e+02
1.451801180544069894e+02
1.858330932898080334e+02
1.364500597691533699e+02
1.323432732252024380e+02
1.500802214209232375e+02
1.967675823789855372e+02
1.842131037837289114e+02
2.062451863211593945e+02
1.970371791289947510e+02
2.110443693496385436e+02
1.435555828260918361e+02
1.813636329934701337e+02
1.796321908150639501e+02
1.738176600129881990e+02
1.670192953794469588e+02
1.714946951485099191e+02
1.972884012079625222e+02
1.644916919890791007e+02
1.829564163565006538e+02
1.792557251971352059e+02
1.944234305372347080e+02
