7.945108048432352632e+01
8.310537447540926337e+01
9.412959192215768667e+01
1.280237008855227145e+02
8.694507383731010464e+01
8.481534203784059400e+01
1.050081297336094792e+02
4.919421937409273937e+01
9.019859877015150573e+01
9.393831632427803413e+01
8.839979136809179749e+01
6.774766803413615435e+01
1.131924610172537484e+02
9.050010123763453862e+01
7.436346401151574526e+01
8.083629062132578724e+01
5.698734238092012561e+01
9.233253404186599766e+01
5.192070535383570018e+01
7.860677447355497804e+01
6.660691191910299835e+01
1.082935743189937483e+02
1.184670187878399190e+02
8.773565017275902278e+01
9.646908301440706168e+01
8.518335011900035170e+01
6.880619069026069212e+01
7.189612912983358228e+01
1.240522739583340979e+02
4.678456927818557176e+01
8.930781626182813682e+01
6.749173239881056929e+01
1.104246857371357322e+02
9.140060496232383969e+01
8.071388206907892027e+01
8.391954493674730031e+01
9.591918680776527140e+01
1.153290465445180502e+02
1.177097753003190235e+02
6.954675956903517431e+01
1.020079713321593431e+02
6.940265859837511186e+01
8.264035518963900984e+01
7.701828529626554598e+01
7.094571556361741216e+01
7.909285880699997051e+01
8.141154510203362804e+01
6.325887793700998429e+01
8.467265677888401854e+01
5.248597012500110282e+01
6.753136637650924001e+01
1.075578286496956082e+02
1.109654453218993382e+02
8.201246645396041401e+01
6.261261153447090066e+01
9.520650757956350674e+01
1.092322845454399953e+02
9.808216928478077534e+01
8.677650670750141160e+01
7.532345269358248174e+01
8.404447914055313618e+01
7.677894050738726150e+01
4.571451163610272772e+01
5.410101078466433933e+01
1.002250808216840312e+02
1.164072354934258868e+02
1.055382903652661355e+02
8.934782793073738105e+01
8.059194461190338643e+01
8.736233014931615060e+01
6.103438315928276836e+01
7.163504818995141932e+01
8.498938011093993339e+01
1.115967952688151286e+02
7.508405846359363522e+01
7.867139327077106259e+01
8.893202504369661199e+01
6.751462572256319561e+01
8.190270371568071539e+01
6.104900015129310020e+01
8.105160567942046157e+01
1.104123760085852837e+02
5.498825177660329189e+01
8.210751774592327479e+01
8.651339350526983196e+01
9.133030827778323157e+01
9.813549143713056822e+01
9.063851635489562852e+01
7.687438901227835686e+01
7.265932036336606359e+01
7.472239782232864513e+01
1.330701337486889884e+02
9.131187220441954366e+01
9.129650209960338714e+01
6.934206192384911560e+01
9.819031328407362480e+01
9.128615827639798397e+01
6.361465197582133158e+01
5.156993938453796034e+01
8.250422029964005333e+01
