7.744024451311432244e+01
7.699783668665689618e+01
8.774657933504329321e+01
3.859906031967811657e+01
8.035280171528697224e+01
8.064909926703390397e+01
7.349819213326843226e+01
7.479969410198350488e+01
8.305056858819121146e+01
8.529202779277997593e+01
1.166184500828043582e+02
7.190115560135690487e+01
8.392103109249585202e+01
7.606719067564594638e+01
6.642257506989976434e+01
7.514755721920533915e+01
9.112648834508071616e+01
5.571754268750720485e+01
1.041715589750505160e+02
5.694940669858785043e+01
1.082394590649083881e+02
6.244561550813021711e+01
5.594947874994656445e+01
5.944361340693450302e+01
7.150418053352800030e+01
7.968692242359874456e+01
6.382590994545027741e+01
1.013410488243764291e+02
8.407603063619079364e+01
9.604078455629850453e+01
6.176754471513940814e+01
9.022808450729745289e+01
7.152888300471551020e+01
1.207449892818171975e+02
9.699945288081704575e+01
9.723666177625196383e+01
8.731306200670627504e+01
1.007536303996604516e+02
7.441733436534437374e+01
9.075711940260323729e+01
9.251510104275985213e+01
1.081114170682855331e+02
8.622853353875092353e+01
7.416971019335790061e+01
9.956306611550930086e+01
5.566870392477716223e+01
8.578366452301231959e+01
7.266554516939885389e+01
8.903781176771195760e+01
8.733270259356216059e+01
9.986755026666992308e+01
8.187321218227693009e+01
7.427341284975844360e+01
6.404873593872213178e+01
8.882275524855754156e+01
1.116256289250322737e+02
8.782280069718873960e+01
1.046651485429285202e+02
8.175914744558502889e+01
8.241745336779300146e+01
1.087156856836147938e+02
5.493314255850238226e+01
8.833590979977151392e+01
8.225038255916084040e+01
9.675273961807380374e+01
7.981923383104543746e+01
9.085641649818859378e+01
1.068006671380995556e+02
9.032070410057428944e+01
1.060371682962257864e+02
8.651145729447823385e+01
8.435434428338885482e+01
9.150041223265471046e+01
8.127408015057557122e+01
8.756991426053050986e+01
7.528457260094108960e+01
8.573874818406538623e+01
9.114105229459882196e+01
8.345202792247408752e+01
1.010958570307762159e+02
7.769626988307128101e+01
8.787352577780525564e+01
8.954092214192547772e+01
8.497823200949149225e+01
1.183187574624569720e+02
8.752614285806365046e+01
9.396817938761995492e+01
8.964970461354425879e+01
6.735850126447778052e+01
8.817153745612614557e+01
1.000531362251074086e+02
8.319874837136994472e+01
9.083571092184958218e+01
6.765254656399868338e+01
7.574218743175258339e+01
8.934179688002154762e+01
1.074164320005972115e+02
8.833206158033688382e+01
7.622990277335492237e+01
7.985744496802253423e+01
