1.040949708156412612e+02
1.432190140112429617e+02
1.108168565030862993e+02
1.537128064575148301e+02
1.139471244343974377e+02
1.475301755277243672e+02
1.992637702945607145e+02
1.732613372925640931e+02
1.187747132828861822e+02
1.412056771437957536e+02
1.492261589888486242e+02
1.643143139309626690e+02
1.378595048703935220e+02
1.332012179201090873e+02
1.296323203307994163e+02
1.163676273606726852e+02
1.269267732076937136e+02
1.107522651029999707e+02
1.556819621813268668e+02
1.653467753283321713e+02
1.297663163644737949e+02
1.262211256889066249e+02
1.700455075918465297e+02
1.357173256822018743e+02
1.104942097426201713e+02
1.359113285356046390e+02
1.382260995140698583e+02
1.151490170950767151e+02
1.127369543247875754e+02
1.277022531048982898e+02
1.167663950768948808e+02
1.674644978447110191e+02
1.268201763087191125e+02
1.503813174296801947e+02
1.416678443243134211e+02
1.426003093248376672e+02
1.537470650234643301e+02
1.572397550137899884e+02
1.485145531784529851e+02
1.296139061965856740e+02
1.449543273042865792e+02
1.330244450659365896e+02
1.440541941030021462e+02
9.565489097963094878e+01
1.697736168343966199e+02
1.086428051184000196e+02
1.115971684381150340e+02
1.609209165873828908e+02
1.256203759390513710e+02
1.088902477759909289e+02
1.639958318117718363e+02
7.364619052946275701e+01
1.498892117686225447e+02
1.326489602642952264e+02
1.132657545437698161e+02
1.300809683800795256e+02
6.557874120352840919e+01
1.151990763444364347e+02
1.820034126442470210e+02
1.789790633933068875e+02
1.488408665948208807e+02
1.348045318044995042e+02
9.223427249511175319e+01
1.517232997513795567e+02
1.405363269154763941e+02
1.269559859698864273e+02
1.385841114342517244e+02
1.437110400235929717e+02
1.645930308757976093e+02
1.207458777543952522e+02
1.144036148978345864e+02
1.531075450715463262e+02
1.322168526798867276e+02
1.496980709377554604e+02
1.417558165081763946e+02
1.418196157899919285e+02
1.398365645161854616e+02
1.092026912871409365e+02
1.625472005824425992e+02
1.447047508094087220e+02
1.523234531190233838e+02
1.007637998324883597e+02
9.718289373575206014e+01
1.609911701252392220e+02
1.506391754535713403e+02
1.296695375937246126e+02
1.623011096584403958e+02
1.334831068350542580e+02
1.437802346732617593e+02
1.368057383976648396e+02
1.398386975908373415e+02
1.429618552207678022e+02
1.178249077392559627e+02
1.403068281273439197e+02
1.158098857445763485e+02
1.563354041359531834e+02
1.296619585895091120e+02
1.022895750203066427e+02
1.342849859488792106e+02
1.208583647046585554e+02
