6.499966341334649655e+01
8.736440079271896764e+01
8.249837075704415668e+01
9.471939374002511158e+01
7.736810477836473865e+01
9.453435306242637637e+01
1.103835381804429119e+02
6.831155466923591746e+01
1.104542442889729443e+02
7.238213189396373082e+01
8.826135463025735817e+01
1.071670190661576925e+02
1.050754121398303482e+02
1.043562562528351663e+02
8.573260093291162320e+01
7.036847474521469792e+01
1.010416064108372893e+02
1.018432202924957863e+02
8.968687706275282778e+01
7.785242903787148805e+01
8.595031732972144312e+01
6.993394938238571967e+01
8.585738952253771572e+01
9.630063469708825608e+01
1.368076611818478909e+02
9.154155408778434833e+01
8.542216196277604467e+01
8.067016938106003465e+01
1.267751753257894620e+02
1.322003984293462509e+02
1.291592727844208639e+02
1.130752857184618989e+02
1.074171367556574239e+02
1.129421572564107805e+02
1.094062096857383182e+02
1.158425736531058448e+02
1.158495912503063465e+02
8.894819765682660773e+01
7.888155325253165984e+01
9.661266051738901695e+01
9.293606697143871997e+01
1.054194041906946069e+02
1.262312533577583480e+02
1.076864254641920695e+02
8.838691143449891285e+01
1.134545099431991559e+02
8.231315834450704472e+01
1.033413301952222270e+02
9.918988295114306197e+01
1.056030731775942115e+02
1.179881545134432628e+02
9.242964883933838394e+01
1.156234832014307017e+02
8.046341447896709553e+01
1.136536216724773141e+02
9.333981136168138448e+01
9.038302818623105850e+01
7.589807518869432101e+01
9.331826084444496416e+01
1.219712453159390577e+02
8.267792833472229574e+01
7.508582213720133325e+01
9.916226510290552199e+01
5.575704279463775492e+01
1.033737860683561536e+02
8.642816498595800567e+01
1.241036049628358029e+02
1.051975194196760128e+02
9.721393138269259282e+01
6.564625214501371886e+01
1.022725601506839439e+02
1.085845527230611509e+02
9.459134766945426520e+01
6.994241163463158273e+01
6.581183894315070404e+01
1.348291598848104513e+02
1.301248517931215360e+02
8.691518018128327583e+01
6.013900467320947030e+01
1.121061322938246860e+02
8.599118224113449571e+01
6.790794000055566926e+01
6.941484849866927220e+01
1.102241619891862712e+02
7.897000347536790343e+01
1.192869525546722826e+02
1.203321134620593114e+02
1.256925217665743872e+02
1.269538415103489655e+02
1.043948656634955512e+02
9.667060844949989473e+01
9.331468344591857544e+01
8.945666503706138428e+01
1.142007793119951771e+02
7.460262585882965425e+01
1.065843146258327607e+02
8.621211570824824832e+01
8.644372583696564050e+01
1.282806273956276755e+02
1.016528653765867176e+02
