1.014252682788922755e+02
9.207462004153281043e+01
1.136776649826152124e+02
1.358190956121888462e+02
1.281388107475548850e+02
1.040494589044789677e+02
1.299145200047928199e+02
1.204296737053856106e+02
8.887257352892054030e+01
9.897372289778516574e+01
9.452845425360932552e+01
1.414858621252325293e+02
9.008779368857430825e+01
9.846592885607388723e+01
1.142907336037675350e+02
1.309332496532338439e+02
9.436409022963059101e+01
1.292584124508042578e+02
1.378579580599960082e+02
7.975986399021662976e+01
1.154889837190148683e+02
7.892148030996020225e+01
1.060831928923410032e+02
9.854927381194947600e+01
1.151284072740196365e+02
9.363683419922330131e+01
9.989296158697061401e+01
1.261405174068192849e+02
1.063763479873053370e+02
1.153189616775952402e+02
1.188854719265655007e+02
8.615090123781702403e+01
1.156396772637011594e+02
1.339934448976860040e+02
7.421122210249845352e+01
9.266395880626981807e+01
1.303514270657506131e+02
1.216447853393059688e+02
9.521372214670049061e+01
9.918647979601490761e+01
1.312727336568870555e+02
1.207578967722907208e+02
9.733899567471883074e+01
8.954271630607152588e+01
1.221493982565783512e+02
1.013478216014731430e+02
7.665352890189157620e+01
1.132991445848584817e+02
1.248259108048050905e+02
1.071118886084100126e+02
1.196955599940301198e+02
9.055243839495055624e+01
1.378535341357408015e+02
1.173576139373974598e+02
1.144992513436874333e+02
1.136733310606080920e+02
1.039857645435873081e+02
1.299049509863373260e+02
1.033546282703695169e+02
1.060593819863773177e+02
7.591128286517086110e+01
1.015093079999863761e+02
1.322321754713269684e+02
1.149997038248764198e+02
1.023477680155510967e+02
9.148957536756897468e+01
1.189486563619466750e+02
8.513279173567720193e+01
8.900591384413183960e+01
1.040910772027841489e+02
6.688725712948506441e+01
1.028622196651667764e+02
9.511722238567372756e+01
1.232494133040929114e+02
9.161171216323212718e+01
8.047540447091705573e+01
1.251363311479688889e+02
1.008281544044563134e+02
6.850905486212745643e+01
1.042906468151344228e+02
1.132324868767779833e+02
9.132469525957993994e+01
1.268405498756283833e+02
8.951258048544323742e+01
7.016306356640994579e+01
8.988631839775347032e+01
1.207954140681347184e+02
8.987421078501145644e+01
6.464532728148866170e+01
1.001994202712592994e+02
1.101020281170940365e+02
9.663869782980859213e+01
9.308625553145202502e+01
1.125307716391893393e+02
9.593977680464884372e+01
1.152522701637928151e+02
7.808386628348310410e+01
7.800652334045115310e+01
8.763457641187991953e+01
9.659877213979305566e+01
