7.104755800647561514e+00
1.496148773956284117e+01
6.504064119640847963e+00
-2.496760124433496486e+00
9.237173348724162736e+00
2.904549706156258182e+00
5.616036150280121042e+00
8.662641505050107327e+00
1.594277064280102962e+00
1.470889713035544588e+01
1.540440961498776495e+01
2.244608128118272816e+00
1.027051064666820324e+01
1.052921083448435269e+01
2.086355451512845072e+00
3.594198828978703020e+00
1.192684278272585097e+01
1.622805449898123697e+01
6.758696654142406501e+00
5.626692409848072174e+00
6.014648736793885675e+00
1.826565094026061331e+01
8.645128068307579738e+00
6.944051788802143577e+00
2.489449207477273163e+00
6.861782870613492236e+00
7.022180848692202382e+00
4.013019657223798831e+00
6.464726147036240711e+00
1.638985174642591502e+01
-4.711051174970393163e-01
3.609828962755676329e+00
4.436858307255308276e+00
4.857699841415166198e+00
1.903753596794072855e+00
4.267161272217149914e+00
4.764696394862278694e+00
9.336606766560096915e+00
5.340150931195426054e+00
3.095169459753805086e+00
8.252189203467404255e+00
3.758244573672365973e+00
6.643429912410960370e+00
8.728727868480353536e+00
1.552713310525529522e+00
3.768995237143695221e+00
4.279495515617552925e+00
7.342804995110809863e+00
1.169877882892640919e+01
8.464296335991200237e+00
-3.172042806191946340e+00
9.023291391170102926e+00
8.931354396080232405e+00
1.113218046720287191e+01
1.269077826829199118e+00
2.704727926346675915e+00
7.586151039449424260e+00
2.374179023230018615e+00
5.709048242013842867e+00
3.650713836161349590e+00
5.412386197186650705e+00
1.212584398143279785e+00
1.616639345308160891e+00
3.377786650669730051e+00
2.105416008567559949e+00
3.240049235955524409e-01
4.159705553504970510e+00
8.905745190390273791e+00
-1.872004069375710067e+00
5.026449145245113215e+00
1.148936438752319233e+01
-6.776914520597543401e-02
8.444656509287108648e+00
3.298935890920940750e+00
9.043802486650371009e+00
-2.214747428106761618e+00
1.111361117907023299e+01
6.427703887514773839e+00
6.950653388108417374e+00
1.891426199760527282e+01
1.572920394556729207e+01
7.675882459588783568e+00
2.447305856160793880e+00
9.434616971161219112e+00
4.831078661550508357e+00
1.136361836395451519e+01
-2.649101605924784053e-01
4.681940126131607371e+00
8.103352292910736665e+00
3.814397894557828295e+00
1.267834937067044976e+00
5.242607814977743530e+00
7.136711413547022431e+00
8.330134654202401734e+00
5.611606707749658085e+00
3.088986664808026639e+00
1.561394422299886031e+01
1.109288380442474953e+01
6.502140378932422138e+00
3.288425900475544950e+00
