4.723201150040775076e+01
5.807969099683266734e+01
4.749385365643009038e+01
5.940312269397627176e+01
8.413535603597905776e+01
5.374189552669660941e+01
8.105516140982545892e+01
4.142374302604208935e+01
7.229455660353369240e+01
6.630831147313419649e+01
8.163569980480954769e+01
6.580836950235610061e+01
5.074858883096406714e+01
5.960390818752023279e+01
6.347586017815994808e+01
5.836015192396742890e+01
6.983394546307357587e+01
1.007159181815755602e+02
7.022103314339105395e+01
7.915965706059694185e+01
6.549878537639192189e+01
7.493953238890256330e+01
9.361141748700320875e+01
5.051941444929032343e+01
7.219069241084260113e+01
8.588182963346547183e+01
5.130078879267477987e+01
5.553689648980014226e+01
5.385728956651928456e+01
7.663553208077762235e+01
8.290347986199634533e+01
6.221965736270409764e+01
9.634208718795420623e+01
8.941466757752716887e+01
9.649340756619086790e+01
7.734100007523623788e+01
8.860750010263015497e+01
4.678200368596881731e+01
1.064040345083375456e+02
4.566826122920318198e+01
6.203004163645989877e+01
8.248990226683062588e+01
7.114715590010776225e+01
7.858495063492465249e+01
4.261706232829268970e+01
8.614918720185607981e+01
5.135302155626862941e+01
9.014346984177177546e+01
5.342083137065341703e+01
6.263329673857053592e+01
8.401763781485939830e+01
7.008087807718077045e+01
5.363004403920027130e+01
7.874467951396339060e+01
9.477971628967564754e+01
7.258814134621552228e+01
6.376599367744549340e+01
5.743468468502194924e+01
5.728443669372614977e+01
7.194052057132441291e+01
5.658259125088456187e+01
7.320620232434751529e+01
4.009359263196922996e+01
9.656788559489889678e+01
8.371038832118345852e+01
5.786480148891527620e+01
7.628605270795029014e+01
7.772048762501469810e+01
4.753818835203774995e+01
8.431728814870932354e+01
6.797459802490755010e+01
7.336319060834225070e+01
7.782791660137512224e+01
7.266865341797401356e+01
6.892848478966178050e+01
6.262823214009702610e+01
8.392160159817215970e+01
7.925547803571396344e+01
9.365505482011263894e+01
6.060166450634719126e+01
8.027749689775677666e+01
8.287361396827303395e+01
8.232115855840319796e+01
6.050006037966061001e+01
6.415863648516527462e+01
9.279668730395916043e+01
8.452370660059226282e+01
5.978287616070895183e+01
5.376691965757899538e+01
1.022699548387295181e+02
8.645572715554791898e+01
6.940639551306685462e+01
5.721334326393838410e+01
4.973143549721783074e+01
9.348749814495062083e+01
8.566337359276494112e+01
8.229004472425933159e+01
8.360154102794083997e+01
3.451963214159673043e+01
7.756965622548554506e+01
