5.421559216507483114e+01
8.847197701332723341e+01
4.083504967036829214e+01
8.232367101166263978e+01
6.790359369210048612e+01
6.201493363421793958e+01
4.049198855765318683e+01
5.515788773323995997e+01
6.294209701192431083e+01
8.913233212931550042e+01
5.147179262140268463e+01
5.672717371638729134e+01
6.435198434022771607e+01
6.971395230569378043e+01
5.090831522102561024e+01
3.131665492246182936e+01
6.140853243550137108e+01
5.971255241767291011e+01
7.255483888575358264e+01
5.805428883376633564e+01
5.585058432187481969e+01
3.542712204074010174e+01
4.316227399919034724e+01
3.438105348855079058e+01
6.475179279794336651e+01
6.340621015890312151e+01
5.690186489503265221e+01
7.099493376019172786e+01
4.622026891750684996e+01
2.614621102604812108e+01
5.336109067570929199e+01
6.696350773336735074e+01
5.951095737957339793e+01
6.607650499515119691e+01
6.842349840246416193e+01
3.143021920809175640e+01
5.806198681031305853e+01
4.445333915584882334e+01
5.704876919334110141e+01
5.080954444410257054e+01
4.654422957689730111e+01
6.480960347294892188e+01
2.223117352713542516e+01
4.640466057258855415e+01
4.429809519514236626e+01
5.011826218813686751e+01
5.896779949755175920e+01
8.645923663552517269e+01
6.259061452028930717e+01
8.422731608132039582e+01
3.728165471324887648e+01
3.142508335227135063e+01
5.004206702123652661e+01
4.480102248753364336e+01
9.140810592620309194e+01
6.066843214139043283e+01
7.464779548144785792e+01
4.447200496942665637e+01
4.633591283258683546e+01
4.411470879051823601e+01
8.861183142076421859e+01
2.533926493833965310e+01
7.133470069709406403e+01
4.277653821452717864e+01
8.732270741427194594e+01
5.210417622416308348e+01
6.572023578450389891e+01
6.922530670066616665e+01
5.423925005872941085e+01
4.446568804136832398e+01
7.242008601986879057e+01
6.054838488398856100e+01
7.982863506478531690e+01
5.077829324128967414e+01
6.679434056502708472e+01
5.356422375725037455e+01
3.661209641060835907e+01
5.132542025876441727e+01
6.644605396652247009e+01
4.541959978822549715e+01
4.998274556469100816e+01
6.165111458036881231e+01
4.864446689105698596e+01
5.186340458769619488e+01
7.516728455123444519e+01
6.378031912612209453e+01
5.935187667581585913e+01
4.995798338328688004e+01
6.512703503253521831e+01
6.027724185125994438e+01
5.561806606115126783e+01
7.038593670617080988e+01
3.940975371526029392e+01
2.670747334728746125e+01
6.413358861859643412e+01
7.341988698797860025e+01
7.153394126980785472e+01
6.512095632112206545e+01
5.112125095150593523e+01
4.796070085434096342e+01
