9.726689558355369059e+01
1.512762005376669379e+02
1.409239632304284271e+02
2.176881571968295077e+02
1.597378579530142702e+02
1.184173929674718124e+02
1.590203205544363811e+02
1.589485696241574146e+02
1.191372488634286810e+02
1.439209559233099185e+02
1.650470462981172659e+02
1.605247509509084693e+02
1.399580621342105076e+02
1.400858688147473288e+02
1.372520747556459071e+02
1.882545844726414828e+02
1.901443597420398817e+02
1.756344468171616882e+02
1.537553505334342105e+02
1.515038887389892182e+02
1.588991432711819130e+02
1.810924696776332610e+02
1.562485193967044381e+02
1.714603123290418978e+02
1.209889602196327303e+02
1.329871849415430347e+02
1.464400467775372192e+02
1.537297485813122648e+02
2.086898433266420056e+02
1.264800388215379883e+02
1.569792899869512155e+02
1.607393714494297683e+02
1.018824515749650743e+02
1.371203219157825686e+02
1.984026232506145675e+02
1.475074429546130261e+02
1.067424839677005366e+02
1.512668602965964624e+02
1.406692711759269514e+02
1.539229463801697477e+02
1.465224854790500331e+02
1.307888784485777478e+02
1.196362098565868450e+02
1.610961365948347179e+02
1.438023842624497206e+02
1.244909074522541914e+02
1.292849897373173462e+02
1.555095756766604609e+02
8.102896850845343124e+01
1.821133444657279483e+02
1.267207953440755261e+02
1.678832096862003880e+02
1.597910725593627035e+02
1.591518136679839017e+02
1.414174628616892448e+02
1.663631987381499755e+02
1.447220698241571029e+02
1.083287332349092082e+02
1.705656243885227639e+02
1.462773708180193069e+02
1.428810657097994579e+02
1.381193814129537145e+02
1.598328525388838557e+02
1.613064833896558241e+02
1.278867701411947735e+02
1.349724196671793379e+02
1.419596228345783970e+02
1.628887260151073804e+02
1.415201941195264226e+02
1.617582655332569459e+02
1.570635228939928538e+02
1.921508885162358808e+02
1.592176644073247758e+02
1.598333962299289510e+02
1.662163735079899709e+02
1.692961793911402140e+02
1.776924594953108283e+02
1.180694065301517242e+02
1.480943847083618721e+02
1.404995362877382092e+02
1.489311892714282237e+02
1.660234788417440370e+02
1.781326093361018081e+02
1.096866927523628590e+02
1.134964433842983738e+02
1.292264319057169359e+02
1.229537585331346463e+02
1.696229755648644471e+02
1.452108328466798355e+02
1.083448519555527412e+02
1.710927089952768370e+02
1.227079712240554557e+02
1.460712183727031857e+02
1.159533916331406260e+02
1.789525999134383767e+02
1.643881895971327936e+02
1.648103938492214127e+02
1.793479592187391916e+02
1.386704783042108033e+02
1.718932134791732551e+02
