1.567373171307291955e+02
1.606056317621031155e+02
1.398596505827380270e+02
1.733413357640506263e+02
1.707315077310886977e+02
1.668594100866631891e+02
1.380372654119481979e+02
1.431657630134499755e+02
1.254204450315616839e+02
1.529275514295596849e+02
9.137107379679056862e+01
1.301709404428220012e+02
1.082629482454970855e+02
1.467995442792857546e+02
1.480743490927324899e+02
1.171886692763843030e+02
1.460030030938195864e+02
8.979117781122454289e+01
1.286705671038038474e+02
1.093894395023735626e+02
1.050429634684004156e+02
1.592793237512573228e+02
1.643937813669826653e+02
1.249524114254691654e+02
1.419240462374268077e+02
1.371144659253169777e+02
1.811742298796154671e+02
1.284693754188291450e+02
1.270705785460929178e+02
1.389132860445097322e+02
1.604770970731806869e+02
1.261881655338575570e+02
1.175388811436609160e+02
1.769488100520279943e+02
1.259822843547249533e+02
1.527934574702106261e+02
1.434788316912332107e+02
1.184858080223992545e+02
1.426874172433214198e+02
1.348655009737570083e+02
1.254015922067855797e+02
1.206702142893805103e+02
1.905514620768857128e+02
1.525244816796075895e+02
1.342544780773712034e+02
1.348337230653772281e+02
1.484235514500473982e+02
1.495868835872136344e+02
1.472837414335172355e+02
1.703243491499830213e+02
1.471338066296584373e+02
1.065181624917244960e+02
1.838993971055268446e+02
1.512645765890884775e+02
1.287369979908094137e+02
1.103263558635437391e+02
1.636970108249720965e+02
1.361659923722016003e+02
1.610319925667613461e+02
1.496927616432212176e+02
1.196637426083473201e+02
1.637432164141766577e+02
1.151745070433090063e+02
1.295820432834553344e+02
1.403197339180090637e+02
1.105979678026700128e+02
1.612845621408295074e+02
1.603601218987207631e+02
1.717911714498950744e+02
1.403422949405340603e+02
1.074930891093928835e+02
1.232601612540392466e+02
1.827588201992809900e+02
1.465314821650498800e+02
1.281072262098053329e+02
1.272999564226014115e+02
1.071291200840467752e+02
1.797199823994760379e+02
1.550509478982030771e+02
1.632177976333951506e+02
1.502391625614559132e+02
1.392015696913841225e+02
1.133377804370626052e+02
1.630073212444234230e+02
1.424552006772129289e+02
1.335969477608742011e+02
1.235071323682488469e+02
1.252527695893503790e+02
1.579464084333408493e+02
1.496880171193558624e+02
1.286886058728914293e+02
1.650464720559391765e+02
1.101090738256595785e+02
1.710364566570209206e+02
1.424544344628995134e+02
1.147988564095654453e+02
1.653768542532180845e+02
1.695200996719975706e+02
1.615284255903492010e+02
1.742312102631630069e+02
