9.665697656191780140e+01 3.726744816797162940e+01
1.435466141917245579e+02 4.308825174787233436e+01
1.414121133321214927e+02 4.152682274819306940e+01
2.158927447815304674e+02 4.306424739307130523e+01
1.521733109470571890e+02 3.702683770933881391e+01
1.204349249408097933e+02 3.488777298875688615e+01
1.508943790788925128e+02 3.910456879648814521e+01
1.546195435162619560e+02 3.799078272806735157e+01
1.138417206750251864e+02 3.748134257430898231e+01
1.403499429776599072e+02 4.066783276769310618e+01
1.579607397682467251e+02 4.240950920014008574e+01
1.580067073040037258e+02 3.867933017160631692e+01
1.377889419396241237e+02 3.887972142336313652e+01
1.312451074607845953e+02 4.112926176686693935e+01
1.365459953502881945e+02 3.630252793355526819e+01
1.840090254701368337e+02 4.270286115465228249e+01
1.877293289424293903e+02 3.860938434121425189e+01
1.690935579379436149e+02 4.470930840541856810e+01
1.510055146000602235e+02 4.225170878744786762e+01
1.499827548923248344e+02 3.831982408552516972e+01
1.538393830500897934e+02 4.036578247481703130e+01
1.788969389656837450e+02 3.662426360644445111e+01
1.535399779227521435e+02 3.862833043194025606e+01
1.684854369597848631e+02 3.683863264084800448e+01
1.195351447335778232e+02 3.870980981428195378e+01
1.292196756903114760e+02 3.738361983451790138e+01
1.485247675432445362e+02 3.713962827035289394e+01
1.522136872384807589e+02 4.240293600360471515e+01
2.045230090476614748e+02 3.892512228482903680e+01
1.220470092341444683e+02 3.669494598046883738e+01
1.539576536605271144e+02 3.866454132706858360e+01
1.565086110271412281e+02 4.115722050080712080e+01
1.014581280265093568e+02 3.787273025239106516e+01
1.288881042659906768e+02 4.045154557804799822e+01
1.984120142142262182e+02 3.857302549579296169e+01
1.422866928787204017e+02 3.625929171559092623e+01
1.044438265324641719e+02 4.040398422848068805e+01
1.481245438912482086e+02 3.695369281384986238e+01
1.370013693362778895e+02 3.574718408722026197e+01
1.431240895865956873e+02 4.230406927777196557e+01
1.438998698963087861e+02 4.051331771183812691e+01
1.321986085775556035e+02 3.951419035643299082e+01
1.153046678327631156e+02 3.925550667726055565e+01
1.610295950697796457e+02 3.779216164901223607e+01
1.405274792091215090e+02 3.539836228914387561e+01
1.238803972100637623e+02 4.308129715458059650e+01
1.270259483160886020e+02 3.841916949708738116e+01
1.492339385445705204e+02 4.357436606677769220e+01
7.910503792685958047e+01 3.972495819798383110e+01
1.768493758732350898e+02 4.254510818999857236e+01
1.265984229335935112e+02 3.853544253043371981e+01
1.651258113881438021e+02 4.055848857526304840e+01
1.576770164358111685e+02 4.141556320909803901e+01
1.583706316810779811e+02 4.194579686098940385e+01
1.357926752487827571e+02 3.832326283502958120e+01
1.660151935140090700e+02 4.424429811152719338e+01
1.432383039096160076e+02 3.761658616862654725e+01
1.090836333937463110e+02 4.316581257909661673e+01
1.678412389755521303e+02 3.769649746227796783e+01
1.450577424010929519e+02 4.262703957748074401e+01
1.381267346324000869e+02 3.400340322041993346e+01
1.330550370279873675e+02 3.731789704429856869e+01
1.537786818641086484e+02 3.950812802646100863e+01
1.605325810305240850e+02 4.232990599092863704e+01
1.150793805083761185e+02 3.958043145915170413e+01
1.294647405104263385e+02 3.886647809844364332e+01
1.370466829762228258e+02 4.458057074874668757e+01
1.672388239460092620e+02 4.076135683214472749e+01
1.382742764635476078e+02 4.148730883973841088e+01
1.575603012356642694e+02 4.250414965793135025e+01
1.509521813975679549e+02 4.167924937404682595e+01
1.850593463627612891e+02 4.428367683069910754e+01
1.528230537276406835e+02 3.747250934104197739e+01
1.570418950023048410e+02 3.789290856060644330e+01
1.638839944807075142e+02 4.322935670870466396e+01
1.721620820761852428e+02 4.475534265910528120e+01
1.716164320143929558e+02 3.936810365107751863e+01
1.165814987904955871e+02 4.255068926882919556e+01
1.371807116967302420e+02 4.297742161104481795e+01
1.376848644678037772e+02 4.330842459962725854e+01
1.478891162978875968e+02 4.206676523595029948e+01
1.656251637561618395e+02 3.799027583097749527e+01
1.773440571625800430e+02 4.277273216349584573e+01
1.064417033210123833e+02 4.037483074710488040e+01
1.118287152390433192e+02 3.648840432354594299e+01
1.279972848057792589e+02 3.837684729339405720e+01
1.172748326821486700e+02 4.364568498073401770e+01
1.628669502897328414e+02 4.014120553702012018e+01
1.446760273381018749e+02 3.491277137081111448e+01
1.056638349599141122e+02 3.627441659376784600e+01
1.690360424565261610e+02 3.682821766405949404e+01
1.211726316578482709e+02 4.336223704394036815e+01
1.400725414865362950e+02 3.883439468470353972e+01
1.155196253323659334e+02 3.593697828403539063e+01
1.750582291872709391e+02 4.252643239473632519e+01
1.659046907415090573e+02 3.833051718227305571e+01
1.628236614229124939e+02 3.900864254311134260e+01
1.746896745810963125e+02 3.830071016669172224e+01
1.375075095013511088e+02 4.049451719211607781e+01
1.714668673198794409e+02 3.271631999751349440e+01
