1.240681478751454314e+01 1.315977002338474833e+01
2.912203777882018940e+01 1.267972741586387819e+01
3.468488050068959438e+01 1.252027668209009370e+01
1.901690249476990857e+01 1.595425906272442518e+01
2.147129603620651750e+01 1.238860635251801412e+01
1.413829648413849860e+01 1.706248461286671869e+01
3.654163180346653661e+01 1.960614753614224171e+01
1.203404881251211656e+01 1.315246378587786680e+01
1.630934294930312589e+01 1.486426750935583563e+01
3.742674999239436318e+01 1.883918755828441505e+01
2.434571720922351901e+01 1.766688379989031432e+01
3.198674241633203863e+01 1.576126428060489282e+01
2.219555645995276194e+01 1.784566419566199968e+01
2.053068972722016738e+01 1.448064550485087842e+01
1.795934663526141861e+01 1.519748217121458644e+01
1.826356950538765744e+01 1.530014883369081424e+01
2.379135913114920697e+01 1.956620087869517732e+01
3.029018776923294709e+01 1.736288127903945266e+01
1.602237594039108970e+01 1.727890980832527390e+01
1.821867370352807569e+01 1.676932076620912326e+01
2.111847156050778551e+01 1.299776349178258883e+01
2.806961460077274140e+01 1.842254275972178235e+01
2.014321502617624304e+01 1.083011677513940541e+01
1.291807503018588577e+01 1.537204838101899007e+01
2.102960221622949177e+01 1.631244199048549604e+01
2.399127084424402412e+01 1.466168310882867587e+01
3.651907142476645607e+00 1.189952400822852852e+01
2.847965621540028280e+01 1.512547760710454625e+01
2.119134646929255794e+01 1.597343588807887649e+01
1.826078000090519637e+01 1.194775369341942195e+01
1.451966736085886289e+01 1.363964832052857723e+01
3.354130607278144538e+01 1.894134086713429710e+01
3.343171690498115112e+01 1.881187309481366299e+01
3.089688482842418082e+01 1.595063960660830737e+01
1.188863035034806614e+01 1.395095266607156148e+01
3.278262509775896660e+01 1.702019853627651713e+01
2.714555014197527871e+00 1.643802238898813073e+01
3.801193024189321790e+01 2.067558855377115279e+01
3.642744650914831794e+01 1.415151970719272967e+01
3.968633572137704846e+01 1.907909362697115796e+01
3.162660668499288263e+01 1.895004967663562212e+01
3.525049719564952255e+01 1.961214551627803715e+01
1.818665023740332742e+01 1.431263754310474390e+01
3.010769193009543088e+01 1.462154479960969411e+01
2.818650067110623425e+01 1.400632442195980332e+01
1.691948224153813385e+01 1.332786605859334728e+01
2.409649037032839303e+01 1.480552215287685236e+01
9.501444328233123571e+00 1.615258215691630994e+01
2.412672823075349271e+01 1.282696921485329256e+01
3.340535876941686411e+01 1.435100502516494103e+01
3.496730058589700008e+01 2.009626141390814880e+01
1.208751076886270504e+01 1.183290409903213991e+01
2.815842938014660035e+01 1.667767570639205843e+01
1.570615111963606303e+01 1.955848042846546520e+01
3.256341861645575619e+01 1.789645405124718280e+01
2.078601403776039547e+01 1.470169040433593999e+01
2.223555689640799926e+01 1.251403611729570464e+01
2.509471956404592063e+01 1.727290631824785905e+01
2.448484435955689165e+01 1.275608866171295297e+01
2.124785287077391516e+01 1.478081118230127800e+01
1.919171580118858955e+01 1.620828863614388027e+01
1.914715670734794273e+01 1.506975058401900824e+01
1.039210496616247070e+01 1.436076203611943214e+01
6.422187230094317023e+00 1.493066254533454007e+01
2.109836012305785502e+01 1.619589650785551527e+01
-5.643860933592946827e-01 1.455683058360124882e+01
1.954077086404465291e+01 1.216138402772344129e+01
2.186544396024993020e+01 1.744668682172976659e+01
3.590219984136260223e+01 1.484957195291173271e+01
1.409751458242080702e+01 1.168903224930089202e+01
2.159981357887372866e+01 1.108892574605849468e+01
2.174477815079212917e+01 1.437198080737021400e+01
1.582992996911065120e+01 1.229824318393078286e+01
3.285052499668675097e+01 1.332589670043496533e+01
2.711612754057177810e+01 1.482406232391394596e+01
1.720219290136278545e+01 1.266731825173237524e+01
5.548434876884654976e+00 1.528959221936348101e+01
1.228736745542987485e+01 1.116012461921919474e+01
6.938922237435945384e+00 1.288407198904866391e+01
1.850114607613550177e+01 1.487749163102881944e+01
6.985786230668402652e+00 1.354740914878187219e+01
2.694634669282999795e+01 1.691786899186820747e+01
2.114061126861795259e+01 8.867539296978922181e+00
1.821554487754947615e+01 1.548671224686333936e+01
1.889197328139499277e+01 1.285003008393028345e+01
2.363547184239009624e+01 1.726840893731885274e+01
3.206359005113541372e+01 1.714421400983107091e+01
2.176360301297737010e+01 1.720645773056828531e+01
2.168458662187706665e+01 1.276936759438555136e+01
2.064603441581298426e+01 1.201846472645154229e+01
3.568173969324247707e+01 1.548667408894450936e+01
2.423355512158772740e+01 1.245005904074419689e+01
2.444234190198599777e+01 1.471700954038653464e+01
2.818686622732446523e+01 1.496164896423771218e+01
1.965443342347359490e+01 1.404081585979289670e+01
1.325859838369427024e+01 9.723068820799479539e+00
3.385337881178481467e+01 1.791139895817407890e+01
7.265413254408032095e+00 1.310815543310256359e+01
1.294478415019370665e+01 9.840520047710812790e+00
2.095948602472538624e+01 1.475961088713146019e+01
