2.089329934624702503e+02 4.578230895569795678e+01
1.748494614785423948e+02 4.010088832540223791e+01
1.711195923328397441e+02 4.628044625469308215e+01
1.897520600486357125e+02 4.316406455825939048e+01
1.602165946432122610e+02 4.115971145852508783e+01
1.600134666893620761e+02 4.663026017486024699e+01
1.960310209262820536e+02 4.509369301789408979e+01
1.817450034175767826e+02 4.869422375834910355e+01
1.894243170491275805e+02 3.855939917427527064e+01
1.403503423922488196e+02 3.966777281386169562e+01
1.438552167348278772e+02 4.185841965615792049e+01
1.809964025375596179e+02 4.581931338179349922e+01
1.628416613096684671e+02 4.503095254435127970e+01
2.120154976061395473e+02 4.502900523152075607e+01
1.574596760550753629e+02 4.364300771549347502e+01
1.698596024644998295e+02 4.279251786888553255e+01
2.201086507316325367e+02 4.325524146693337713e+01
1.568429320909474143e+02 3.967848605004758156e+01
1.609385353456879386e+02 4.387427450951771135e+01
1.581452388930505322e+02 4.475219594336672202e+01
1.999864237348287475e+02 4.586660709844085915e+01
1.709557426018614876e+02 4.430145673798634931e+01
1.334556136325511204e+02 4.545008257969495702e+01
2.165339340863417021e+02 4.516755622274365578e+01
1.940873330509635082e+02 4.083593039275687886e+01
1.781076235323613730e+02 3.905417724076508534e+01
1.514245513094347757e+02 3.816898236033686942e+01
1.151367758016900638e+02 4.215130137883031836e+01
1.830723095597066674e+02 4.514579049406133038e+01
1.522885044727900947e+02 4.308647665780799230e+01
1.739119119567577343e+02 4.430167732064929709e+01
1.319708879940928341e+02 3.991152701215078480e+01
1.799530418104864111e+02 4.520029641107122842e+01
2.026420496326291527e+02 4.392136150305071851e+01
1.619466355057950864e+02 4.255965767545554002e+01
2.006113981128986836e+02 4.794860023522478798e+01
1.822050124089164171e+02 4.559450344488584506e+01
1.666893161684911036e+02 4.349995723956227778e+01
1.990751337919614627e+02 4.051483529965929620e+01
2.282207727383292308e+02 4.114103434481186383e+01
1.811165684623406378e+02 4.405990397224406507e+01
1.690173308149640548e+02 4.545441583940005614e+01
1.546943028899460444e+02 4.143466812789005616e+01
1.847821331239402696e+02 4.469466657760987260e+01
1.586540873230361512e+02 4.896643157722506601e+01
1.751088279583981375e+02 4.559036087895329104e+01
2.128537512491096777e+02 4.188206659334050386e+01
1.780151297294175663e+02 4.337927275079821499e+01
2.018120001914858790e+02 4.083893869626084694e+01
1.703661195833344095e+02 3.948566957573712699e+01
1.886259075399198082e+02 4.184896386880009089e+01
1.866839188926303166e+02 4.104267642101176961e+01
1.468340603255940664e+02 4.467733272723926063e+01
1.422457110646970193e+02 4.124113519813365514e+01
1.647946050195704117e+02 3.758872677054456091e+01
1.857148963051744204e+02 4.127360869520725828e+01
1.897269070032294280e+02 4.579137890684771151e+01
1.502511006100218651e+02 4.523482467229315063e+01
1.456434051604109925e+02 4.242508865267276974e+01
1.779404175930240797e+02 4.345331300114396811e+01
1.748185689187158687e+02 4.339738584036732050e+01
1.240040474469391683e+02 3.999018514698790483e+01
1.546804515119406460e+02 4.639848664631112030e+01
1.682003033509153340e+02 4.455794119618516902e+01
1.655532370120128576e+02 4.529686749634552712e+01
1.713678784609907382e+02 4.077611882577045321e+01
2.085849573766640219e+02 4.078231170972829034e+01
1.569918054144882262e+02 4.142051774614611048e+01
2.092267012765582592e+02 4.646206354585995513e+01
1.672809712047296387e+02 4.301883987386163710e+01
1.985305507870849908e+02 4.241769326907309789e+01
2.261047570376796045e+02 4.476568677368418747e+01
1.865927025718757477e+02 4.407256926893674631e+01
1.960943520316670288e+02 4.810299543607224848e+01
2.163017435379096298e+02 4.187688264149344519e+01
1.327625521932091317e+02 4.511747485922520440e+01
1.921524522496119971e+02 4.151652285078441906e+01
1.516967095838587340e+02 4.265964940459306121e+01
2.261374421929633627e+02 4.136236040121682578e+01
2.150063729724502650e+02 4.325444710711652618e+01
1.372969533452719588e+02 3.963875634279052917e+01
1.945686215623339592e+02 4.110096472578003812e+01
1.616499530908049280e+02 4.105665115750885974e+01
1.823037797527131261e+02 4.305114596434511753e+01
1.511907362195721021e+02 4.150680037027613878e+01
1.702787955108726976e+02 4.542138268823320146e+01
1.694698816730747524e+02 3.727732475456111416e+01
1.718617832923599167e+02 4.334527074159278470e+01
2.138070969702238813e+02 4.370303797549445335e+01
1.885543128572749083e+02 3.945815649128227420e+01
1.591961647784765717e+02 4.187582445201352499e+01
2.016098469535397726e+02 4.344215805877320946e+01
1.781336016989241386e+02 4.405808984775343617e+01
1.066298846929319240e+02 4.182479338530668400e+01
1.573956475758275531e+02 4.140064304690571362e+01
1.817042164544779439e+02 4.215188118452299193e+01
1.792193297543684594e+02 4.815305601138862102e+01
1.991344299661582795e+02 3.880790270658257413e+01
1.216354925351604805e+02 3.975201554543767202e+01
1.573925494968712542e+02 4.486866886160850498e+01
