1.686179110679299242e+02 3.862119614359776421e+01
1.646404428219116198e+02 4.070958682571265541e+01
1.286491263938958411e+02 3.846880313519574202e+01
1.373932605653403414e+02 4.456112968499687810e+01
1.000403887802088576e+02 3.639358619999682531e+01
2.030224156756542584e+02 3.866310873130282033e+01
1.403359100009448355e+02 3.881496653581736922e+01
1.510538950873426245e+02 4.295112521778069237e+01
1.460954681822956331e+02 3.636556102317069872e+01
1.588703535946704335e+02 3.846099741411924811e+01
1.458546104972313060e+02 4.068972921791033315e+01
1.986633373238457239e+02 3.738660376277952224e+01
9.725115754570673232e+01 4.412911732871572212e+01
1.323038691952266390e+02 3.252951080411374818e+01
1.806559885778773946e+02 4.275326077870847996e+01
1.713187725194377720e+02 3.598744055607707537e+01
1.143058312578082791e+02 4.079619575121157737e+01
9.871338429229305689e+01 3.273890233002490646e+01
8.519024546696299183e+01 3.842847024430253100e+01
1.183964021521566963e+02 3.336524267274717914e+01
1.641809861381474320e+02 3.755943358188560666e+01
1.087521827817007249e+02 3.872569758951964758e+01
1.502197796665589919e+02 3.868991006840973768e+01
1.287706531229921154e+02 3.956711310100311607e+01
1.387931388020991790e+02 3.739441021479273530e+01
1.102438909621567689e+02 3.913013697939487656e+01
1.531864454366596533e+02 4.096617610896250028e+01
1.509314993820896973e+02 3.823033122898958425e+01
1.461867923521562034e+02 4.036674584262615895e+01
9.798469600049362782e+01 4.028816101534678751e+01
8.769913037570027825e+01 3.512134793571522806e+01
1.567219917839260290e+02 3.764686314537717493e+01
1.482495089347348483e+02 3.547442604130981181e+01
1.366683550212786713e+02 3.833557971296643530e+01
1.158401995516582446e+02 3.643895771174999965e+01
1.274846955616799846e+02 3.686554426067915102e+01
1.464050701702688002e+02 3.594033527650510251e+01
1.216184453630819746e+02 3.614851996298109782e+01
1.284204086577593955e+02 3.857809266855482377e+01
1.141512253398721839e+02 3.273809178471184822e+01
1.247393559109947603e+02 3.401649161303674163e+01
1.441479034545110949e+02 3.770018166117947800e+01
1.942576051680686930e+02 4.103768122627825932e+01
1.548692464697180640e+02 3.540750240675371430e+01
1.175259104562503012e+02 3.481997322085199897e+01
1.197319687645271387e+02 4.079491179906062825e+01
1.534456363386731255e+02 3.675464834052743868e+01
1.273558068092126234e+02 3.847225890466703646e+01
1.458843429272463652e+02 3.487318127058145478e+01
1.182222609391707238e+02 3.932716985565064505e+01
1.321096771989587353e+02 3.920244381811048129e+01
1.401936355619482129e+02 4.288223887045740668e+01
1.762053164957154650e+02 3.796665319943958394e+01
9.377958168153490703e+01 3.978019817600306141e+01
1.439128112154562018e+02 3.605406568454741034e+01
1.438151881172488800e+02 3.730363777769168365e+01
1.760225880538199590e+02 3.902398713934058350e+01
1.454718355956638334e+02 3.573781110717326470e+01
1.597172777366830587e+02 3.788833286249264631e+01
1.245739849898744893e+02 4.015212177114009506e+01
1.088016530492148775e+02 3.373752286158524782e+01
1.798571103780590477e+02 4.101000858521135939e+01
9.297695760003090015e+01 3.897202852583669141e+01
1.504084380707741673e+02 3.943445316173353632e+01
1.247653887431229691e+02 4.151593568220319952e+01
1.542996494942998993e+02 3.670731639193022744e+01
1.175604436409385869e+02 4.120322968359690918e+01
1.636789765119742412e+02 3.500341312917326064e+01
1.421524899099127310e+02 4.010767206823012998e+01
1.199753737426451465e+02 4.049264322128625082e+01
1.118745066285316341e+02 3.589274820089743656e+01
1.553158661173903852e+02 3.835671403181074623e+01
1.224849566711535260e+02 3.685391431748995927e+01
1.293133060404408070e+02 3.589609413953945705e+01
6.279721159366718553e+01 3.266592950238045034e+01
1.652062078387755548e+02 3.771706100017706120e+01
1.238597039458660447e+02 3.701045742615599465e+01
1.152827171913761219e+02 3.887340637811791311e+01
1.171225786800779929e+02 3.947754297234497756e+01
1.066627140299187033e+02 3.342183072242220021e+01
9.847139663231153861e+01 3.646141433051226244e+01
1.719719137250654910e+02 3.914685674250308267e+01
1.318038162707762808e+02 3.791992995387929710e+01
1.159100774808884182e+02 3.747619416227141897e+01
1.753649209797071364e+02 3.614186076958048233e+01
1.837893618049413647e+02 4.111523783065376847e+01
1.046466313534932624e+02 3.531639550260027249e+01
1.174439850012642523e+02 3.780040096981834807e+01
1.121715251019413415e+02 3.646452807455526113e+01
1.236216554718107403e+02 3.666348876143567992e+01
1.637520045608593193e+02 4.097184956210841023e+01
1.296216820394546119e+02 3.675481475198142078e+01
1.275962547484347311e+02 3.715581878926184345e+01
1.099420180803894596e+02 3.890391797430985577e+01
1.466572590658397814e+02 3.816359152945614142e+01
1.439674301701041088e+02 4.419965975311827577e+01
1.712943407143246191e+02 3.925517804310406689e+01
1.326902446846485475e+02 3.558515946271204911e+01
1.496366902480785370e+02 3.897677997263777883e+01
1.582688946965474770e+02 3.846283777829008699e+01
