3.275000407593301333e+01 2.034378206656145949e+01
4.466313611472292422e+01 1.744464975525275818e+01
5.160089099332800799e+01 2.039306059276700722e+01
3.324977850940435786e+01 2.250168908378215349e+01
4.947403267710596708e+01 2.506821328561468931e+01
3.437097871435554453e+01 2.306211735908427585e+01
4.352728669488072910e+01 2.253750023250627876e+01
4.880924365237454765e+01 2.502401036698278602e+01
3.371501623638855705e+01 2.075284225963550000e+01
3.339405341797262139e+01 2.312665884673112870e+01
4.441163386447765049e+01 2.239871148015262747e+01
2.158870956325204915e+01 2.001486858558049775e+01
5.555738794462030228e+01 2.284681851039861300e+01
4.083437305383554872e+01 2.252863467637548212e+01
5.408550455721507433e+01 2.224927175727863116e+01
2.035286146105296368e+01 1.953877987337260080e+01
4.740140877421485754e+01 2.143968199536785946e+01
5.579121284499617417e+01 2.669201880030450624e+01
5.878898195082328471e+01 1.943374369858373285e+01
5.004598677964381892e+01 1.979936130947165296e+01
4.984723928899710899e+01 2.435315000399734231e+01
6.309698936721650142e+01 2.780801727650645105e+01
5.165412904892095725e+01 2.313531675934961029e+01
2.359767898159148203e+01 1.805840429226213573e+01
3.739908657137972625e+01 2.077819122005443475e+01
1.555465450872401689e+01 2.008920189170415327e+01
4.635289104504136048e+01 2.596110541579178133e+01
3.166985141941876947e+01 1.937272166189792344e+01
5.362858131419162788e+01 2.345386212684049454e+01
5.092592567892406663e+01 2.158900456329470785e+01
4.528938699495621023e+01 2.363036078256275019e+01
4.630346258281387861e+01 2.082307018157900202e+01
4.718682596909585669e+01 2.223376603037452170e+01
4.150930265312950240e+01 2.266515093682194149e+01
5.829845707443111991e+01 2.110651119885657323e+01
6.102366991942345464e+01 2.294137951573844703e+01
5.201189701338554272e+01 1.960051145559119234e+01
3.399871981526880660e+01 2.469364745882113610e+01
4.489647692988205563e+01 2.371974845939786647e+01
5.267430337984711741e+01 1.971230705004516182e+01
4.108436915070136308e+01 2.223318890682230631e+01
5.966774824088017937e+01 1.839487418685671827e+01
3.211475434261961936e+01 2.026757444750671056e+01
4.065716272492824856e+01 2.444348325900261543e+01
4.308514014576243056e+01 2.567291130926336606e+01
2.718290521090994716e+01 1.898148531888811164e+01
5.135093132076770672e+01 2.284125595642245088e+01
7.465806737910305912e+01 2.067642571692659814e+01
4.705421438977539594e+01 2.171705428634431101e+01
2.925317039173000211e+01 2.023610987279249329e+01
5.750435152895918378e+01 2.186806886618484214e+01
3.270683132031983575e+01 2.421350322395962351e+01
4.711983794565952621e+01 2.303056288624814130e+01
5.047387741197447752e+01 2.610812752048409635e+01
3.147177103071599902e+01 2.285285239366664811e+01
3.597740040709685871e+01 1.675792266575782108e+01
5.874273384379057461e+01 2.327939039075670635e+01
7.082461372102589969e+00 2.681456092172004091e+01
4.969841957509871833e+01 2.714580064680024662e+01
4.900329953985772136e+01 2.452458574834219007e+01
4.841153075143149209e+01 2.304616837018437892e+01
5.200549318827282264e+01 2.321996848831607707e+01
3.000761563275306187e+01 1.971563417752528480e+01
3.829584448446998124e+01 2.244394634498704377e+01
4.842578089332433677e+01 1.911756435986352187e+01
6.288439642963636089e+01 2.489622891330497367e+01
3.351327864513385890e+01 2.196942200698922321e+01
4.990915952948804346e+01 2.397696837861005648e+01
6.799307864123477430e+01 2.038968819451731562e+01
4.890094994794260685e+01 2.533098692295618548e+01
4.535895344086693370e+01 1.926439181214288965e+01
3.324816603329170306e+01 1.946889592592701135e+01
6.188450307844613008e+01 2.531874075544230962e+01
4.201958908532397174e+01 2.085932574077314428e+01
4.129200206536901163e+01 1.935561271663640781e+01
2.878514497555841345e+01 2.303271089269557237e+01
5.057797549008550675e+01 2.489606563755047475e+01
6.709782207835732493e+01 2.241675628190384018e+01
5.060867988770294801e+01 2.301448768539056644e+01
2.631137189567623480e+01 2.318868816643087172e+01
3.123676438286440771e+01 2.141352529478158928e+01
4.413797606594597767e+01 1.861621969410940025e+01
4.379974660141527920e+01 2.175824815353017172e+01
4.729525599219535792e+01 2.662310950466759962e+01
4.147689146666989046e+01 1.789125898666753045e+01
4.667649907215809435e+01 2.291292077519386794e+01
3.086664789870294001e+01 1.832520208647460791e+01
4.531706495517926925e+01 2.133965873940176650e+01
4.465138295031014337e+01 2.298715673794004033e+01
3.520490771549468434e+01 2.313658904837253871e+01
4.744603763808929386e+01 2.431319946947035504e+01
5.602688983413379020e+01 2.276974060701514446e+01
5.706860865749698064e+01 2.554241830572107830e+01
2.998373832546394979e+01 1.829126346123958058e+01
5.078639631548190891e+01 2.089029601624991628e+01
3.539939534512902952e+01 2.084087206278646320e+01
5.276061690748776556e+01 2.395166709884128764e+01
3.660628196503967047e+01 1.969483483137223345e+01
5.849496794299734859e+01 2.317510574275277335e+01
4.049670340967450954e+01 1.959028833500331501e+01
