7.771182258013111266e+01 2.975738360572344376e+01
7.832415003606772075e+01 3.476232192474930827e+01
9.073322414371841660e+01 2.996777270404486515e+01
1.220914745372886330e+02 3.006475330929649914e+01
8.551633106687330610e+01 3.553408170225253571e+01
8.302696858661083468e+01 3.032519156013574246e+01
1.032945495939360114e+02 3.315537386206944603e+01
4.734821728895902027e+01 2.849684755048378548e+01
9.074072825416331511e+01 3.510414948653510692e+01
8.711389743958604015e+01 3.346319037826616238e+01
8.562251159166748948e+01 2.877598224005972227e+01
6.307456160374553633e+01 3.085781347080618531e+01
1.042641332722047594e+02 2.774073830159514031e+01
8.972501506855267905e+01 3.141688853195753239e+01
7.263065428388767941e+01 2.704849815321628625e+01
7.535815743799292932e+01 3.158833912833379642e+01
5.193793073444015818e+01 3.237200586623068688e+01
9.431388418965350695e+01 2.872460109394633676e+01
5.091246454751954786e+01 2.686016649989849725e+01
7.673796305855995570e+01 3.033850691866647153e+01
6.592611268798827950e+01 2.886497707708456417e+01
1.082030433908963118e+02 3.510789119904770672e+01
1.146821226089962096e+02 3.289159050840022758e+01
8.547842325379222927e+01 3.123716920139313658e+01
9.308795281806803246e+01 2.965455148659780704e+01
8.010052206923700169e+01 3.061771447069179786e+01
6.943316897753732064e+01 2.711412726282616958e+01
7.027893300322008940e+01 2.787225142815286105e+01
1.171923747857133407e+02 2.888520780435004554e+01
4.305851802141033602e+01 3.005818757830452270e+01
8.849990004832692136e+01 3.191376316767528820e+01
6.875313505840667005e+01 3.397070117228029318e+01
1.074858959342895588e+02 3.170086299276221098e+01
8.697056271885676892e+01 3.056002420569828359e+01
7.970605115541896168e+01 2.778584011593394720e+01
8.342575229582895702e+01 3.377808460364966692e+01
9.068693651412249324e+01 3.017576911815683971e+01
1.113697233639433790e+02 3.231983243781893123e+01
1.140841224589547096e+02 3.090596402449897440e+01
6.052199129259884103e+01 3.443759718899102751e+01
9.277782412545275292e+01 2.927855225984882281e+01
6.616790968174308318e+01 3.013044280786732898e+01
8.015996168348775086e+01 2.880624625466256816e+01
7.514855881208328015e+01 2.956779237367975455e+01
6.891515456368183834e+01 2.797448244502125192e+01
7.693702295415222636e+01 2.849276197737115623e+01
8.177179899373571459e+01 3.341436384524978820e+01
6.195106461900663675e+01 3.067719837601919863e+01
8.081118965488481365e+01 3.042571329671419633e+01
4.503771171668004314e+01 3.247390471567974402e+01
6.788971533915231760e+01 3.372660602858567103e+01
1.015221300241768887e+02 2.899946688466459932e+01
1.083836672321067454e+02 3.363233344495925792e+01
8.346911274726637942e+01 2.796242181931217985e+01
6.382295651401146586e+01 2.976632386398101460e+01
9.097086702496328314e+01 3.211730779104905054e+01
1.073255980981379452e+02 3.260542095627414483e+01
9.284722386338711431e+01 3.096751460027332215e+01
8.794209529935966430e+01 3.195583106414263241e+01
7.395617963933129602e+01 3.163130442914203400e+01
8.284611236555906544e+01 2.633901931763843862e+01
7.264394481805500448e+01 3.198979835099131108e+01
4.237783620124192652e+01 3.088987922814127529e+01
5.725740543208419098e+01 2.850352693442583885e+01
9.785070532877635685e+01 3.170179476324353018e+01
1.133360795698116306e+02 2.993481113518446435e+01
1.022005070490344423e+02 2.900286221482829774e+01
8.971467102989386433e+01 2.966689252066641558e+01
7.796925940008924272e+01 2.937292006825951063e+01
8.081835058936491123e+01 3.048867842450800580e+01
6.070468428563657426e+01 2.600354957953647528e+01
6.816935226226611633e+01 3.096780822305302294e+01
8.078916117529269059e+01 2.796901361660885854e+01
1.092483410295697155e+02 3.461644892411336372e+01
7.310988746205042332e+01 3.052278194606252981e+01
7.736070153810756267e+01 3.125422834734377631e+01
8.762084184582461432e+01 3.577767410170793028e+01
6.734686348998012306e+01 3.121469719067096804e+01
7.604968045252752518e+01 2.578430174414726395e+01
6.053784796366973353e+01 2.892975317208737707e+01
7.828212453825143768e+01 3.182424166217211337e+01
1.052880273937611832e+02 3.507657293684976452e+01
5.354466011597679653e+01 3.049658512808859001e+01
7.970741140794847013e+01 3.080938324391581773e+01
8.337508066500417669e+01 2.857300373842141283e+01
8.735703927777524314e+01 2.959715717682958669e+01
9.556798977874396428e+01 2.951770610298324371e+01
8.649834414519516201e+01 3.016997915212006731e+01
7.536697021838391208e+01 3.162814170616872644e+01
6.537723736273986219e+01 2.889643566737322544e+01
7.444142751872195163e+01 2.985122389713144742e+01
1.293210901065826022e+02 3.352624530817744386e+01
8.826964488783525553e+01 3.205610749572957019e+01
8.950824447103103410e+01 2.627501050483017053e+01
6.813687203176777984e+01 2.932851482590122671e+01
9.691544403355678128e+01 2.821869291590815010e+01
8.790912372853397017e+01 3.434238707591401862e+01
6.251683479074642236e+01 3.328860586659354226e+01
4.629004549918561651e+01 3.094611641735756535e+01
7.686208599818155562e+01 2.850678271349918802e+01
