9.728947988870707775e+01 3.082977760101789499e+01
1.263032705166575482e+02 2.973289677764687156e+01
1.146831767982308321e+02 3.450502606418878315e+01
8.586278140811843684e+01 2.949115323509263220e+01
1.274591523855200279e+02 3.305804888283676490e+01
6.891684523932684669e+01 3.117831671849396713e+01
9.396059258514185331e+01 3.188479261461964143e+01
9.953290497981940632e+01 3.315168113261766081e+01
7.388144380117111609e+01 3.543646659437924029e+01
9.271570307648586606e+01 3.815118574595758361e+01
1.664827469330988947e+02 3.579259153191717502e+01
7.247926511666700833e+01 3.215656060567359731e+01
1.194278365154830794e+02 3.439651628824716312e+01
8.756593012817297961e+01 3.224259213894394804e+01
7.594308055036142946e+01 3.209711188824088879e+01
1.096377544284238184e+02 3.324638337924383791e+01
1.197772166969229488e+02 3.202685119403101055e+01
1.057537368250822425e+02 3.537610823658835812e+01
8.858233683606658815e+01 3.846296108064411357e+01
9.640667531496401921e+01 3.056258234970957588e+01
9.498844365315288485e+01 3.045619053112389452e+01
1.237525137172594611e+02 3.033164083923961485e+01
1.124885783968805839e+02 3.625064958283441996e+01
9.558972305587732876e+01 3.398253708764968195e+01
7.754937741444376798e+01 3.326672387268887832e+01
6.852277603694417962e+01 3.306507653033740723e+01
8.019183967353177422e+01 3.337538859053874063e+01
8.627447196287420184e+01 2.998375528264352852e+01
1.026670394592236164e+02 3.104380065339778128e+01
9.412063535320245933e+01 3.674678214905463136e+01
1.063159081846003602e+02 2.806857273683405651e+01
1.087847528687872938e+02 3.844399527534469030e+01
1.179514137448464055e+02 3.694068671009534199e+01
1.050412660968734713e+02 3.222735927038249315e+01
1.104219396540222249e+02 3.499268955539586301e+01
1.118445303751483522e+02 3.075138416871593350e+01
1.068812662492684069e+02 3.363650467836187374e+01
1.308667756576246575e+02 3.517046615422795952e+01
1.506448047930043685e+02 4.039507268624590353e+01
1.048125347125985911e+02 3.187674579996307145e+01
9.732202443410034221e+01 3.052962858548358227e+01
8.771309824027616742e+01 3.190470310782090735e+01
1.008752794860155717e+02 3.527271131781019875e+01
1.016480288630867506e+02 3.333255866022852132e+01
9.294056889719863079e+01 3.625420519393267682e+01
1.345178976627917393e+02 3.518742705655752445e+01
1.205625669021563198e+02 3.052019011342192911e+01
9.053710210376527812e+01 3.187720985509525917e+01
8.766302689314049701e+01 3.175965392848029367e+01
1.407560707477842641e+02 3.452590545325648463e+01
9.165153511237346606e+01 3.609792814101424341e+01
1.412361432354429951e+02 4.002140728165248618e+01
1.046616189491140432e+02 3.309247386876701569e+01
9.766477363966713199e+01 3.690750906789544672e+01
8.795594237603769727e+01 3.050893650003925117e+01
1.304267965219206644e+02 3.769032008433453029e+01
1.002455567550584448e+02 3.406544148832930574e+01
9.916308846959077528e+01 3.047345406605860063e+01
5.814758231622215590e+01 3.224857752617032958e+01
1.078870487947931451e+02 2.944655421725295597e+01
6.781216647659231000e+01 3.057922373880658995e+01
1.150507787107546989e+02 3.412576839498639458e+01
6.767763798749452064e+01 3.395166292893010507e+01
6.171766042561790755e+01 3.537814753969416159e+01
1.350213080782111774e+02 3.678361418299100905e+01
1.144293991308699390e+02 3.416253852037437611e+01
1.148204747758532136e+02 3.299872489770287842e+01
1.103400122965260408e+02 3.645556394232451680e+01
9.770780041955077877e+01 3.227420357096150383e+01
1.167355576106507300e+02 3.401896427353789676e+01
1.119515169010537221e+02 3.261222644022601713e+01
1.071267923929333961e+02 3.193459853585822472e+01
1.099372837262612279e+02 3.453520948396746348e+01
1.072764691099419281e+02 3.091208842928179479e+01
1.272681313962099097e+02 3.503256265235530975e+01
7.455358663773442629e+01 3.428431373800130189e+01
1.269502619344521719e+02 3.077566410061927726e+01
1.396266062628860993e+02 3.446966144419915423e+01
1.309549047932622443e+02 3.089610390352061842e+01
1.097651455444996316e+02 3.113586652766399965e+01
1.251909239100806701e+02 3.246549929421976799e+01
1.166944421067317421e+02 3.174703625851313049e+01
1.009226721432541325e+02 3.474885156964148081e+01
1.158393477091622259e+02 3.953781190945390023e+01
6.492058239737627900e+01 2.948123867390857811e+01
1.492868086474920233e+02 3.442638290243854016e+01
1.151004618716968935e+02 3.188461829997517327e+01
1.150543322511077378e+02 3.479617257897420757e+01
1.505589706324172994e+02 3.476120443399214821e+01
1.023381256359444791e+02 3.255574461690051180e+01
9.562240910562749718e+01 3.327718162121286127e+01
1.396770406520242034e+02 3.209088711399919447e+01
1.365037031691134644e+02 3.278807397439242521e+01
1.113666920398314204e+02 3.015530933818020642e+01
7.002851814580829171e+01 3.452101747292272904e+01
1.138266741863205596e+02 3.251908488234322192e+01
1.203110134376594544e+02 3.417260899195535728e+01
1.133392347174159198e+02 3.523822128908100382e+01
1.066893161664220742e+02 3.087433707660166604e+01
1.615883784727082855e+02 3.352689689402149753e+01
