7.652004145217752296e+01 2.590836812662146826e+01
7.839480118219179872e+01 3.041712811919224890e+01
8.206863377564829420e+01 3.166582735475214960e+01
3.540497789084158597e+01 2.815294274798155172e+01
7.788437415433583055e+01 3.011712970727002414e+01
8.026382778782911487e+01 3.046920444293655095e+01
7.094525966227007530e+01 2.933898268227770600e+01
7.373990499719150193e+01 2.935788610567521317e+01
8.040420095619282392e+01 2.951828420794959484e+01
8.079462985045918799e+01 2.963751890714577186e+01
1.146463732678734715e+02 2.681179747504443256e+01
7.034306390120219987e+01 2.634981845949862844e+01
8.132467878360543523e+01 2.797941675024095076e+01
7.035289219404239702e+01 2.681746020674097153e+01
6.719539666206082984e+01 2.629928940258798065e+01
7.231093879458163087e+01 2.926869313852045451e+01
8.710992629538483811e+01 2.946868613751729171e+01
5.737829654006944224e+01 2.861616716534573612e+01
1.010191281239383159e+02 3.200207828736097326e+01
5.907111340201144145e+01 2.989364010969535812e+01
1.066489574495893606e+02 2.924125021085055565e+01
6.069456265388540572e+01 2.589860099487993494e+01
5.481873107532828726e+01 2.589442173392895441e+01
6.003452739391796200e+01 2.668975126583907098e+01
7.622097040361875031e+01 2.457194035629067486e+01
7.690330559522161025e+01 2.689765267842050989e+01
6.194397155050070580e+01 2.811099060748826162e+01
9.688264835936392672e+01 3.077518824723151880e+01
7.937047986002866651e+01 2.696228525263041575e+01
8.768833216404577513e+01 2.933540024540677393e+01
6.193794256830490497e+01 2.776116480675953113e+01
9.000996384882282086e+01 2.618045176249663086e+01
6.859727066344896684e+01 2.852150530233727466e+01
1.167086981693158805e+02 2.919757728499361349e+01
9.944706060562648986e+01 2.766777276922272932e+01
9.451726159573428276e+01 2.646174559363309342e+01
8.483577847462362342e+01 2.870430266284911980e+01
9.735681900941021638e+01 3.122732507002194069e+01
7.290902686502082020e+01 2.854282150560609921e+01
9.515952186487281494e+01 3.092732612170489759e+01
8.656071968949430584e+01 2.664708779406393901e+01
1.011254764553064973e+02 3.143029424857299503e+01
8.204416286937731684e+01 2.723517732150789783e+01
7.109949146549683974e+01 2.657971554173561302e+01
1.005175740396981183e+02 2.821104560905276060e+01
5.584016399981230450e+01 3.035747952878353928e+01
8.144974115137674175e+01 3.574770676757206900e+01
7.130465450368127733e+01 2.992268007601896329e+01
8.669263813869754642e+01 2.957816904159438920e+01
8.617860506604677084e+01 2.490206913286976231e+01
9.427384600495128097e+01 3.025571201578013714e+01
8.079212205359037569e+01 2.652320050386945027e+01
6.929050200765958323e+01 3.077129993411563191e+01
6.219665562397441505e+01 2.533523735362609841e+01
8.792831938257016589e+01 3.339061456049770271e+01
1.084574242906296604e+02 3.181050840812027047e+01
8.793832190048708242e+01 3.021879368569967639e+01
1.025952534893300339e+02 2.795653581256558340e+01
7.970037468360401078e+01 2.678105588770932854e+01
8.149280179461126750e+01 2.741535442516338250e+01
1.046490459760060929e+02 2.698271343289930968e+01
5.415445532878711532e+01 2.800056167085436343e+01
8.541557298734210235e+01 3.052423398348424044e+01
8.055512176575501826e+01 2.844862614335667672e+01
9.677044665163455761e+01 2.832830691641659371e+01
7.894820763834212585e+01 2.874896508263016059e+01
8.769853557572965030e+01 3.468768876428973869e+01
1.061228696344729059e+02 3.193005489589920742e+01
8.877461098307324505e+01 3.369792256338035230e+01
1.036533643585136844e+02 2.756993939938439908e+01
8.592301024015908695e+01 3.078455079549600981e+01
7.678589595247984789e+01 3.202917596637596631e+01
8.542921643223841954e+01 3.044303210526723902e+01
7.958863695700991059e+01 3.181395795000367599e+01
8.517867531822956551e+01 3.318425702912920627e+01
7.161376561113183925e+01 2.826151401658255224e+01
8.485986813695613762e+01 2.515134974928069411e+01
8.489714667278853710e+01 2.984660115455354301e+01
7.989058379698889212e+01 3.101715752749052157e+01
9.899216243615977362e+01 3.011743041588363567e+01
6.875750539804974437e+01 3.289255509567198033e+01
8.163222039008094555e+01 3.118489040673802393e+01
8.748348814932637652e+01 2.697863921914913732e+01
7.937579833601171231e+01 3.015242865027576258e+01
1.160506997558358364e+02 3.069270831417880174e+01
8.116582906294557631e+01 2.959757135652884941e+01
9.010665417338177008e+01 2.694598348465686755e+01
8.959835343315157274e+01 3.037679664663071932e+01
6.593036565527221171e+01 2.984407142054231699e+01
8.427020063432992458e+01 3.075128285014930896e+01
9.363599530896851775e+01 3.067264991927865125e+01
7.943208404322794536e+01 3.068253687330817314e+01
8.868551699825903256e+01 3.032444016833282774e+01
6.025383374329361885e+01 2.717260146286666611e+01
7.219752906160172756e+01 3.220679582410979691e+01
8.851285078194663924e+01 2.780335768031241983e+01
1.058779190674871700e+02 2.537081239183303794e+01
8.678439638962028368e+01 2.664188389645386934e+01
7.485486710640219599e+01 2.669911627398082032e+01
7.704835979528048995e+01 3.006620804947769443e+01
