4.014198202111087710e+01 2.639439190994306372e+01
2.934995576122868144e+01 2.042490767196779089e+01
4.594210015830459071e+01 2.408260782677479384e+01
1.541331288318786008e+01 1.757841493573867453e+01
4.375607316854322448e+01 2.364683196326546621e+01
4.970774532732797013e+01 1.844357110784358511e+01
4.644383515160665610e+01 2.441641430037100591e+01
3.673299796584912968e+01 2.494824979680212351e+01
6.072259673933858437e+01 2.102609813894883217e+01
3.920900691658822268e+01 2.092462891925314850e+01
5.956202543600304011e+01 1.839694592308815757e+01
5.840672344590871035e+01 1.938311623721863342e+01
3.623171035575762744e+01 2.159716484344408016e+01
3.647016032688942744e+01 2.115737683604692521e+01
5.563532771259055210e+01 2.185338750123289131e+01
4.628193476750709578e+01 2.120866415040733344e+01
3.667369875825260550e+01 1.926631996421065551e+01
3.157899776914566914e+01 2.021922671837684149e+01
3.484144971872420626e+01 1.915171851106418188e+01
3.062292612597923736e+01 1.889884525222295864e+01
2.112423138443642756e+01 2.097264986730048619e+01
4.190743985750584244e+01 2.377751814224850690e+01
4.613267833509711124e+01 2.544074281885693622e+01
3.279477903578072073e+01 2.128926500672434230e+01
3.510288729595502133e+01 1.870110985637472822e+01
3.782193285181883624e+01 1.679940290821207682e+01
3.593693952947568704e+01 2.337756394387809067e+01
3.751868261722588471e+01 2.122522606701654624e+01
5.552003516386830029e+01 2.249788557168911751e+01
3.478880331848153418e+01 2.019865373014561882e+01
5.858198054380166298e+01 1.986896929639462783e+01
4.579746525886843500e+01 2.379814533619149231e+01
5.821450532243687093e+01 1.968297063726076601e+01
6.882443499705934187e+01 2.294800965508440882e+01
5.824953743283779772e+01 1.753195448307353388e+01
5.640392068210735488e+01 1.940827683924585045e+01
3.812715728944799309e+01 2.230237491630573743e+01
4.059374709524728786e+01 2.220325338743219135e+01
7.011561340965262445e+01 1.966078411017817018e+01
1.925326112360032838e+01 1.865790958398815036e+01
3.490549784661916988e+01 2.585504208271871818e+01
4.678608926307037308e+01 2.323324455392031851e+01
3.467884118852474273e+01 1.991779976936268071e+01
3.312496036401856259e+01 1.861650313191373129e+01
4.851391667247555262e+01 2.048201641329939804e+01
6.086733306383162301e+01 1.888370978427775881e+01
4.815423740539470998e+01 2.218079641081594389e+01
2.920888982038319881e+01 2.371728789577210605e+01
3.124533356157186859e+01 1.724713583614789769e+01
3.699688388046391907e+01 1.851318673489741684e+01
2.760131790491677961e+01 1.780494449866190365e+01
4.721845798696338647e+01 1.890841610522216598e+01
4.158415198849870364e+01 2.585834375365608651e+01
3.890460253529968782e+01 2.322216003274706964e+01
6.612114804259537948e+01 2.264495885979040679e+01
3.770760168299331383e+01 2.346474412144702626e+01
1.618691359557949383e+01 1.897748707712083416e+01
3.794079027235517287e+01 2.171347819682925362e+01
5.930386279230337010e+01 1.918101847197598886e+01
7.167441468407361072e+01 2.524066926134673139e+01
2.615194199078857906e+01 1.836008139856209809e+01
5.161147610228292848e+01 2.153027687749795760e+01
3.168462163277741794e+01 2.164485673239306252e+01
4.185445845850225766e+01 2.021223906718452668e+01
4.646947486780061354e+01 2.208200817787100334e+01
4.028602214231244716e+01 2.098472279059700796e+01
5.483410070879570242e+01 2.085671505010184745e+01
4.869563415230125258e+01 2.193460590389578257e+01
4.798539090952979080e+01 1.886459409804358955e+01
3.116710204287289088e+01 1.843478411968046871e+01
3.367929401341730511e+01 1.926211668258889986e+01
5.393187450830562568e+01 2.213359577064100492e+01
2.028362799137707384e+01 1.993665585502490245e+01
3.638876629649138295e+01 2.242821506858819092e+01
4.652314787411506103e+01 2.310515914260785664e+01
3.055938729193829317e+01 2.332976160719316638e+01
4.222356576877201206e+01 1.862920987936365336e+01
3.536697796839004582e+01 2.068873618167898698e+01
4.982673377915009638e+01 1.947445887069146053e+01
2.651952342966741583e+01 2.337740567405682413e+01
3.372109295798826878e+01 1.854672648118195610e+01
2.096034808895352342e+01 2.250351560741085066e+01
3.153997982086313456e+01 1.929769743598501819e+01
3.339055159503622860e+01 1.817016785864673523e+01
5.689653319224631645e+01 2.412482426053603746e+01
5.008732919822734431e+01 2.173825355823110073e+01
2.930035852612425629e+01 1.984192332975118589e+01
2.134950289700608295e+01 2.196497506094810603e+01
3.988913146492449613e+01 1.765507555573742238e+01
4.979729548847834764e+01 2.337504395316957329e+01
2.437703520773822063e+01 1.629961229076591067e+01
3.969225133843015385e+01 1.789796487621694610e+01
3.694347922305109932e+01 2.196949456690220259e+01
3.042678339544504240e+01 2.342328852917178850e+01
2.883651909000081304e+01 1.903518316476414185e+01
4.233213808972745795e+01 1.910736988261086466e+01
4.093745648885711574e+01 2.292076204825931640e+01
3.610753447698527907e+01 1.875287314696373997e+01
5.143919266549135472e+01 2.127070222042818770e+01
3.933763656646077322e+01 2.115765857916862558e+01
