1.157677134078754762e+02 3.673012120718985329e+01
8.464453682831965864e+01 3.614183480788552316e+01
1.214556819089633422e+02 3.475267685297971099e+01
1.299844960637028635e+02 3.610749679857903516e+01
1.751438769740411772e+02 3.745622789986260415e+01
1.413980635479388184e+02 4.108840740519919876e+01
1.111451521292755587e+02 3.375350795392250092e+01
9.958203428956235825e+01 3.627543434470941008e+01
1.245434155981543967e+02 3.403134040371497093e+01
1.315074437134078664e+02 3.692489973541894699e+01
1.488329887871271353e+02 4.064351121543774781e+01
1.419831223947791727e+02 3.669087574552585806e+01
1.406651011238002127e+02 3.423644558919671255e+01
1.319666390034864207e+02 3.633532981201168610e+01
1.303088879844222561e+02 3.724309198092934992e+01
1.040986563807318106e+02 3.267911362945986298e+01
7.267901266892445733e+01 3.757383611212171104e+01
1.228239798123640298e+02 3.591569488679401445e+01
1.083932104279486452e+02 4.030012671764183807e+01
1.312695547540507164e+02 3.469800518132863232e+01
1.044015154641401608e+02 3.377524180766189943e+01
1.223085487374922309e+02 3.206329055144200169e+01
1.418428759620391588e+02 3.675427871064770358e+01
1.421607444248178638e+02 4.096894391457416162e+01
8.241783734921048676e+01 3.563270717038761148e+01
1.663550771135195419e+02 3.740308576678568642e+01
1.528954898433510152e+02 3.565754337831690179e+01
1.466166656067501890e+02 3.953937894988695945e+01
1.249049660772919594e+02 3.169737213660561181e+01
1.038615767933879539e+02 3.086067745236968562e+01
9.608518403423649090e+01 3.431433036558011906e+01
1.135173077400853145e+02 3.853026150598192601e+01
9.754574715814267449e+01 3.415364291017564113e+01
1.135701124245180296e+02 3.527848105407453971e+01
1.470578957474903348e+02 3.700611145323955498e+01
1.009864590010002416e+02 3.561709747636024304e+01
1.453899132055830137e+02 3.970092746429742903e+01
1.270705771062800125e+02 3.570046422210084813e+01
1.263370763300648179e+02 3.458072188863542351e+01
1.486487117311378370e+02 4.062291437141566774e+01
1.213315601781724666e+02 4.089975971256279763e+01
1.440639725863811123e+02 3.671610786405864246e+01
1.360906236191477490e+02 3.633802037050015343e+01
1.288311329737671826e+02 4.059665249188246605e+01
9.416555019053775766e+01 3.860833626304243893e+01
1.247167464969079873e+02 4.035629453212713713e+01
1.054143124889013166e+02 3.496878543832949759e+01
1.122381284666826673e+02 3.338059687304984635e+01
1.555559126478727308e+02 3.081501577185506591e+01
1.041227158535550927e+02 3.628385572439579221e+01
1.242480250789710823e+02 3.755022877783092383e+01
1.265793679702297254e+02 3.540936476356706919e+01
1.387964711762362526e+02 3.164019112100463360e+01
1.343892032818918665e+02 3.694916732473941323e+01
1.500004101556330056e+02 3.791971134875107197e+01
1.383923605781653521e+02 3.662922291534726327e+01
1.049184686301250053e+02 3.271855558906690931e+01
1.216862178157174554e+02 3.681064923011003032e+01
1.107308872110410363e+02 3.659122497624599646e+01
1.377091708608927263e+02 3.951592386283590486e+01
1.168703490952970867e+02 3.178174880038142547e+01
1.205947626047414332e+02 3.707421438463076413e+01
1.256755266564941564e+02 4.120618111584661136e+01
1.142708524824011675e+02 3.592883149437927415e+01
1.741318469456651599e+02 3.921309144530397361e+01
1.496930430931603553e+02 3.664334660248204045e+01
1.190495585660508766e+02 3.653439313199343275e+01
1.345306121031706255e+02 3.546456795661647732e+01
9.873276957554526234e+01 3.410511247703056625e+01
8.172423931514038031e+01 3.511030302126366109e+01
1.169720202246320468e+02 3.290558069566966992e+01
1.519859872436862531e+02 4.040916860334304062e+01
1.104584926854837192e+02 4.023578383481876131e+01
1.007759964892196649e+02 3.762588342529348040e+01
1.692412289271835277e+02 3.408653411876741757e+01
1.217559015865001157e+02 3.515131476511331243e+01
1.223990164593771510e+02 3.619063338066672486e+01
1.155872126331123013e+02 3.744720277973135580e+01
1.140313328248986693e+02 3.698364229253765956e+01
1.395025486493347557e+02 3.428318840273384183e+01
1.573935280183855241e+02 4.254479321928494784e+01
1.347250595476964179e+02 3.604340382232073381e+01
1.426363291030717448e+02 3.737410809765766118e+01
1.376755705861895649e+02 3.834007944729318496e+01
1.374553477178235710e+02 3.397518412222886752e+01
1.343571867242203552e+02 3.551603180233068002e+01
1.060777124964724720e+02 3.688497733093018383e+01
1.246670568113969892e+02 3.437800211337555112e+01
1.054281693644789755e+02 3.360074991534365552e+01
1.386380871472814533e+02 3.782513821065055026e+01
1.391815536172320265e+02 3.714686542028491090e+01
1.133321315574855817e+02 3.721856420927746711e+01
1.438991621516194073e+02 3.739754569807429618e+01
1.098709246973905778e+02 3.662573347611215269e+01
1.496726684229462307e+02 3.904028452979644470e+01
1.493811379427959594e+02 4.004882569002204207e+01
9.129100634305616779e+01 3.412108271382057012e+01
1.095119715098562949e+02 4.282689843622198822e+01
1.255727794034968099e+02 3.659709325970005267e+01
1.471848257976729712e+02 4.140560168564251597e+01
