4.843521407843960702e+01 2.583967314181958486e+01
4.242773260015062675e+01 2.217187973004994106e+01
6.375136297160001675e+01 2.584568454196300280e+01
5.926926271659088030e+01 2.203737018829716732e+01
5.354138954697323527e+01 2.698859326114918389e+01
5.608251153883460205e+01 2.974330060833173306e+01
5.126656443944165176e+01 1.859130418219847058e+01
1.869038715010316665e+01 2.229089744532585726e+01
3.984160973373128911e+01 2.647105060797882459e+01
5.589756368863042724e+01 2.662681264171942175e+01
8.559472298366939924e+01 2.192514372339581996e+01
6.243620476449367374e+01 2.205889031965502056e+01
6.372439535817103717e+01 2.422285455897252149e+01
2.688614754067635104e+01 2.680277536973465402e+01
3.886463319488512980e+01 2.550551341592657906e+01
2.731805251651445232e+01 2.339908525211749080e+01
4.487891121009800344e+01 2.546610714667136577e+01
4.653783605339196328e+01 2.429869122123830749e+01
4.404831419433403994e+01 2.058982680022457501e+01
5.248628596160344273e+01 1.986644084112293740e+01
3.677169702144430374e+01 1.818678391379607717e+01
6.366858808215380350e+01 2.345019241628696705e+01
7.672825250313357515e+01 2.414494873783821660e+01
7.420880437689035602e+01 2.561303194427651420e+01
3.256257535003845049e+01 2.625373121272885157e+01
5.720015161161119721e+01 2.450743495849133069e+01
5.589264824256210318e+01 2.618652880645847247e+01
5.460209383081749479e+01 2.230959839815761114e+01
4.515752490418805110e+01 2.042265372081049790e+01
3.697002405590178142e+01 1.845823501318232829e+01
5.268315651366736319e+01 2.387530981635956806e+01
3.888511526071977187e+01 2.252841314022093755e+01
6.907516038039699424e+01 2.273269562423620727e+01
3.365978052695947298e+01 2.096796836938764841e+01
6.029382797364085889e+01 2.216390729748529509e+01
2.980230563871054272e+01 2.373240992394349291e+01
4.813079236156889351e+01 2.094833483304117649e+01
3.122497215200995058e+01 2.302851978815469636e+01
5.487854925769173775e+01 2.525499520021045186e+01
3.940148098802163901e+01 2.246589449721120602e+01
8.428612572295966743e+01 2.578649590084830479e+01
5.682371465148497691e+01 2.354388771641990985e+01
5.651389085504595755e+01 2.189814643836931296e+01
6.212823900800789545e+01 2.502082543658864111e+01
4.021118014185336875e+01 2.299982278207555808e+01
6.881189686848709641e+01 2.474309795771941367e+01
5.758685289963887755e+01 2.266135589386220417e+01
4.291739880728639633e+01 1.799635126653881656e+01
6.172094972226044973e+01 2.400877947342935315e+01
6.466752183497865758e+01 2.801857073099195716e+01
3.988361415008380817e+01 2.379094666433291394e+01
5.039114920424898969e+01 2.519021266933201630e+01
4.999107526398962165e+01 2.299377478828272459e+01
7.107497137925082598e+01 2.890780662642698573e+01
5.093766265570794616e+01 2.386480421661076790e+01
4.798375712579031216e+01 2.320528963546745871e+01
4.978543078704850444e+01 2.184259254701692043e+01
6.639814356333721435e+01 2.121184228233216729e+01
4.915872009344081306e+01 2.273153902874476628e+01
7.273261210433034307e+01 2.779700371337797193e+01
4.507598105508066766e+01 2.611384972395576298e+01
4.259310186036707080e+01 2.104198128946326918e+01
8.352704949362843934e+01 2.194540408879898763e+01
1.976072987375581747e+01 2.453015915805008262e+01
3.818639309365931922e+01 2.302471218607424319e+01
7.902805723138807537e+01 2.421140932507460519e+01
4.167716365231559905e+01 2.366974582069835620e+01
6.357044167585441841e+01 2.545323005362709168e+01
6.630635089830782647e+01 2.389662165194680554e+01
4.379521636321300093e+01 2.470861135011223908e+01
4.655920903370672903e+01 2.180889654755977958e+01
3.958397579837325964e+01 2.470626732950975324e+01
3.293409182875326024e+01 2.131532909437721202e+01
5.301223137292673471e+01 2.114724025062956159e+01
3.453678335928682941e+01 2.082903604920388219e+01
1.896365879505799512e+01 2.056629546930967578e+01
6.830451139623518486e+01 2.324191307650273330e+01
3.424823078817762223e+01 2.261825271532875092e+01
4.800275156564058676e+01 2.473064324233917333e+01
5.669001082241236134e+01 2.366090878304564171e+01
5.368112163663578684e+01 1.825548437987956518e+01
3.883206851746229660e+01 2.416336105803566525e+01
3.309154868925030257e+01 2.161315515293291867e+01
4.583349168871458090e+01 2.248397193859893406e+01
8.676121821823942071e+01 2.304042278642136310e+01
3.596374087594775659e+01 2.285436366741510028e+01
7.653645421189554554e+01 2.046790183827619458e+01
5.185193845138496727e+01 2.462374536137162551e+01
5.963860545677456315e+01 2.381840251781967410e+01
6.513803988726218108e+01 2.106010089382225203e+01
5.707051923599829735e+01 2.374868009094859644e+01
5.313775150409563253e+01 2.005875057989869958e+01
4.624920722562818298e+01 2.457410980200752704e+01
3.365941402759180079e+01 2.760562613091330064e+01
5.251008042107295637e+01 2.304585835476486366e+01
2.712177961670241899e+01 1.965806689538131380e+01
4.273062535867136091e+01 2.063589485905826848e+01
7.078354128286748903e+01 2.575609264117226260e+01
4.564726118338089833e+01 2.549439925802528251e+01
3.145701300871085948e+01 2.233488289053680020e+01
