9.753084136774931778e+01 3.414421227695917338e+01
8.676088914883180792e+01 3.133856107174611338e+01
1.126130624528916826e+02 3.335566810185321174e+01
1.273008510614292419e+02 3.402576084412042690e+01
1.245369967442726420e+02 3.519210603873131049e+01
1.019952721919132443e+02 3.117592551035249215e+01
1.262028567241877113e+02 3.358107479329506617e+01
1.180065794580606564e+02 3.296300575451095227e+01
8.886306384368872102e+01 3.008412561359554260e+01
9.868439191642303854e+01 3.133989577973697038e+01
9.122448114049642243e+01 3.388206751205836298e+01
1.376093659448874291e+02 2.912229890294938883e+01
8.611657887840752323e+01 3.174116525243692521e+01
9.708048959500760589e+01 3.206097747573682000e+01
1.141773277259811579e+02 3.438179771312123734e+01
1.269047072060302668e+02 3.856910438843979705e+01
8.966327682285317735e+01 3.089424196648635501e+01
1.253079026420024178e+02 3.379043878990918159e+01
1.307227318755440422e+02 3.981182292998875738e+01
7.789292483459108496e+01 2.692993799407474143e+01
1.114485884270761176e+02 3.197186092225431508e+01
7.950135528869613211e+01 3.140775750357906304e+01
1.034395031868740915e+02 3.093320301070729883e+01
9.748825367407916076e+01 3.414466191468276435e+01
1.163248828219417703e+02 3.065106233197353447e+01
9.159732048768836421e+01 3.474426825648890826e+01
9.698371705432820988e+01 3.392566484391817738e+01
1.216691891746581291e+02 3.719599165319187506e+01
1.037439828930277912e+02 2.973269220772456833e+01
1.128966938782243545e+02 3.441810414217779623e+01
1.160307994056873326e+02 3.222694409720887165e+01
8.775638600635525677e+01 3.361786558732593022e+01
1.121360328598614586e+02 3.551292819755915531e+01
1.284645025968169421e+02 3.874833453544569295e+01
6.892555109693863358e+01 2.942873807538914477e+01
8.552533940416876135e+01 3.052670803336269501e+01
1.267768086729362835e+02 3.312191101478924082e+01
1.215874118407535178e+02 3.238391005385476973e+01
8.853859523854234226e+01 2.880909357867878029e+01
9.925671507800191762e+01 2.975050486857751864e+01
1.324242581593325951e+02 3.555363731909335456e+01
1.183092109687883351e+02 3.695847573244687112e+01
9.477033423657653088e+01 3.170474344935925615e+01
8.989919401637979490e+01 3.082093830118422773e+01
1.153452835431859569e+02 3.360285025457095998e+01
9.840019821725431370e+01 3.350925534035430076e+01
7.482749731606855903e+01 2.821277059086413530e+01
1.150213568440866823e+02 3.678217655330123392e+01
1.179060334376192003e+02 3.165174109645870715e+01
1.064434805046655015e+02 3.314144108984541504e+01
1.155002830283052333e+02 3.368557443360819548e+01
8.862514448217608276e+01 3.393004031091003725e+01
1.365176607014212493e+02 3.526774492855975751e+01
1.128808099949926884e+02 3.414813063248372060e+01
1.126809594954352320e+02 3.414588718397776290e+01
1.107716380755120014e+02 3.437344106598484927e+01
1.028883426714438230e+02 3.152002351470008534e+01
1.273244849289187215e+02 3.337595254386255306e+01
1.007503456361017413e+02 2.935156643816007360e+01
1.026753329818818514e+02 2.984811537051235319e+01
7.405973276928173732e+01 3.187215556767705138e+01
1.002956055791450467e+02 3.420379798640503566e+01
1.295375128456738025e+02 3.410223062387773041e+01
1.106812179349176546e+02 3.179500646223196370e+01
9.973299212919518197e+01 3.543751910622017931e+01
8.490290509634492366e+01 2.928899228745441619e+01
1.154353498709248811e+02 3.585928908670570792e+01
8.680355692198700979e+01 3.436248808855633285e+01
8.296560510224036022e+01 3.458145490508954367e+01
1.013435281097544163e+02 2.830751914706228334e+01
6.780103337259640739e+01 3.463084818668556153e+01
9.881546266076709628e+01 3.153743906186584312e+01
9.098433593934966268e+01 4.087545681303096501e+01
1.123295559279409304e+02 3.533412015078869928e+01
8.993001289921468810e+01 3.321356967903035695e+01
7.574098027217902995e+01 3.681224147126203405e+01
1.185613566819968412e+02 3.314055240471469688e+01
9.626710847868186249e+01 3.131104202332744535e+01
6.786940400815629459e+01 3.039782939826838160e+01
1.031468155407670366e+02 3.338191080948344336e+01
1.095893445916608187e+02 3.416922492976764403e+01
8.754238637458109906e+01 2.966359187112071538e+01
1.225203098105699695e+02 3.307130774221376868e+01
9.028485579352116019e+01 4.015402574109415923e+01
6.965298322217907412e+01 2.949456025658203728e+01
8.153006822975301304e+01 2.911027129998463892e+01
1.166706713504427313e+02 3.324338590346303590e+01
8.983621919115138610e+01 3.106593679634045202e+01
6.005597445193625816e+01 3.477201414517698197e+01
9.657628723707837537e+01 3.095602590916267971e+01
1.122638024467354683e+02 3.304123069515254940e+01
9.398154737811006498e+01 3.217085981411785411e+01
8.925628693494500965e+01 3.311208681624039230e+01
1.086216696856000681e+02 3.564599464189928568e+01
9.548248703165261020e+01 3.376774467838738047e+01
1.124290901845056396e+02 3.928008055790336073e+01
7.404094695202233822e+01 3.146836363383338409e+01
7.484556716211733374e+01 3.363466110930301056e+01
8.602010158831080844e+01 3.055738091196014494e+01
8.755150262720695764e+01 3.195803219562101205e+01
