6.389571896551153429e+01 3.135349484608484261e+01
8.249227605143605047e+01 3.227312059027878632e+01
7.860645270526865147e+01 3.246510509250473575e+01
8.927785096355904670e+01 3.373915998939092020e+01
7.551854215927743041e+01 3.151244884052289308e+01
8.951797293533196864e+01 3.021612423159022498e+01
1.081410734733206880e+02 3.641686725094621835e+01
6.904120593251464300e+01 2.924444840099653931e+01
1.083189606771959177e+02 3.093433480195950480e+01
7.265668983564171413e+01 2.514389582123423850e+01
8.067689717394488014e+01 3.316038266740118701e+01
1.055459199066195453e+02 3.285252421616223728e+01
1.027630074925931467e+02 3.121841164237417487e+01
9.776925820873026396e+01 2.919459956402966583e+01
8.438161652118031952e+01 3.229459210705786631e+01
7.065246292121499039e+01 3.075216756902973358e+01
9.903807031031924168e+01 3.442582087046567096e+01
9.507421786551120135e+01 3.663818054784879052e+01
8.537717544453812479e+01 3.248912352926375036e+01
7.222126263437689886e+01 3.046278324485987454e+01
7.941042069292771544e+01 3.397516471710802222e+01
6.975018534569991857e+01 2.962567798303428646e+01
8.504014224790594767e+01 2.858307640962626195e+01
9.277786314092286091e+01 3.327793877627615160e+01
1.358349681457946758e+02 3.158804156755764581e+01
8.990137046779111074e+01 2.804488592330790908e+01
8.262955139390157910e+01 3.050421111288191867e+01
8.092349484509621504e+01 3.027218425093923315e+01
1.175576443223090308e+02 3.062665982777884111e+01
1.298278772792839106e+02 3.474249790587272457e+01
1.231852974387246178e+02 3.972563345869669860e+01
1.082676370836709907e+02 3.130423038673830050e+01
1.010406150591225298e+02 3.150510374789772783e+01
1.128797419552398367e+02 3.001380442387192815e+01
1.093549911689410976e+02 3.200754186908044119e+01
1.129012214688896023e+02 3.498847568572239908e+01
1.131330995938733679e+02 2.988702444699806549e+01
8.664889015559428742e+01 3.288145994010061912e+01
7.477974367775216535e+01 3.142879990025787507e+01
8.964781708384282410e+01 3.272861256491937354e+01
9.118506323451239837e+01 2.963105671934744834e+01
1.022625909099829613e+02 3.001011466281615014e+01
1.213320715223485848e+02 3.096310093940507358e+01
1.003008314135596635e+02 3.369027692520132433e+01
8.483752818931814943e+01 2.700688336908768505e+01
1.006474007136904163e+02 3.653698538985041466e+01
7.631084267682707889e+01 3.605124360656982674e+01
1.009735171388109194e+02 3.244106624381722526e+01
9.982342475514653302e+01 3.388024320397854439e+01
9.996353307263846943e+01 3.287969259321871363e+01
1.162375385374739523e+02 3.058602315263164328e+01
9.145460803062522359e+01 3.478835395015272525e+01
1.149669611534957596e+02 3.216924353548567694e+01
7.777024555069509404e+01 3.047064933287349930e+01
1.144643150870935102e+02 2.879900220697266988e+01
9.009330374602978964e+01 3.044091377014790112e+01
9.299329989392252571e+01 3.248599344942144995e+01
7.378379591095583123e+01 2.847633336650710234e+01
9.503015474481267688e+01 3.216616310833617831e+01
1.146499701773431639e+02 3.485614436253003134e+01
7.980772534978682131e+01 3.158792565096407401e+01
7.048884218240252153e+01 3.026436136513200736e+01
9.798254606351908080e+01 3.015011776730591464e+01
5.306948509407502002e+01 2.974476591346551047e+01
9.386091952101622837e+01 3.618295111529921115e+01
8.298153101325621606e+01 2.787753544427384256e+01
1.208618003580333209e+02 3.551228549703083814e+01
9.255001281656554113e+01 3.759885626206006748e+01
9.652768604878127690e+01 2.940179405597899276e+01
6.333182579400926926e+01 3.000721937897792202e+01
1.010711307483236112e+02 3.248489384968096516e+01
1.035006658834196429e+02 3.509130222762495066e+01
9.122295415234887628e+01 3.029606667542863363e+01
6.816352343623390198e+01 2.594873072130459235e+01
6.136005117764207739e+01 2.988112373962560042e+01
1.328460923600428032e+02 3.334513230387342730e+01
1.223243067417439818e+02 3.497857023869170234e+01
8.979598427020749796e+01 3.313906145542257065e+01
5.917781248101823621e+01 3.401697356683135354e+01
1.085714130947782223e+02 3.052621766853007657e+01
8.450406251741158314e+01 2.949069345028863864e+01
6.659843856848203814e+01 2.985957635493490159e+01
6.978119733166978733e+01 2.780775179980632927e+01
9.957782898985495024e+01 3.110315911542041789e+01
7.034297120700361461e+01 2.886355572473497944e+01
1.185109795543005191e+02 3.511512038852675488e+01
1.169112919421210819e+02 3.315416182157703417e+01
1.224158061149938987e+02 3.322203205793932312e+01
1.216653222059476604e+02 3.383958160223736655e+01
1.005654131799376074e+02 3.156841305949260956e+01
9.088374452667434866e+01 3.263792388664353439e+01
8.979917674245309911e+01 3.420539885568907579e+01
8.819152484024979799e+01 2.966399778528970188e+01
1.139251615640149851e+02 3.562729465780055449e+01
7.148026175401271587e+01 3.137363875974939020e+01
1.061987144602515798e+02 2.786735774772151331e+01
8.606380281884023020e+01 2.926156352182020726e+01
8.552077691766717749e+01 3.225287370192431524e+01
1.271840401412146377e+02 3.128208973957694283e+01
1.026366444295514526e+02 2.729471908390621948e+01
