5.443838680419789000e+01 2.077983537889938503e+01
8.844220250615651935e+01 2.855605061174558301e+01
3.605038555248886212e+01 2.798213400208278046e+01
8.218543094281096728e+01 2.784934816599965046e+01
6.181341349421450815e+01 2.530111729865416947e+01
6.147980164734503461e+01 2.424662554199636944e+01
3.946928465859252100e+01 2.692393452633815443e+01
5.453430251294218323e+01 2.815781533813511572e+01
5.952796508810105536e+01 2.556939887936955458e+01
8.113853814021037181e+01 2.164376258687131127e+01
4.927464277861438546e+01 2.826694872727887642e+01
5.525076118727250929e+01 2.354482623087110582e+01
5.969860701839873940e+01 2.220357323166862784e+01
6.569833657459766130e+01 2.663866029584148265e+01
4.761521129999075441e+01 2.424118937287714814e+01
2.919081624014306442e+01 2.185250835497253874e+01
6.114379693883159206e+01 2.510749727575618451e+01
5.809120228320158930e+01 2.596637386185909691e+01
6.979385132451446339e+01 2.591463729922269721e+01
5.793224930330407574e+01 2.418874324220227479e+01
5.333995136058472752e+01 2.381768298020843133e+01
3.468539747135496043e+01 2.389654725283125458e+01
4.281396836471025580e+01 2.831236105936543268e+01
3.175444249649109096e+01 2.330250561341029680e+01
6.424662353389781799e+01 2.420479653058341896e+01
5.785748196420252754e+01 2.575036781430691946e+01
4.999428788300508586e+01 2.343639650985256040e+01
5.927398789696429304e+01 2.803343653993275097e+01
4.384638719863444578e+01 2.223795545639477922e+01
1.808150496098855342e+01 2.161166688102522215e+01
5.176419765438566856e+01 2.564958585953879222e+01
6.681606790150671316e+01 2.382661526716080047e+01
5.885957217771206018e+01 1.859717139565762878e+01
6.108594887691142361e+01 2.295941688653177337e+01
6.485437326195572894e+01 2.531889544413492033e+01
3.065677211409866132e+01 2.047898350938691436e+01
5.205077342335833634e+01 2.528655045783096256e+01
4.603719646521084741e+01 2.480266255140246301e+01
5.577872590797033325e+01 2.286819895434234695e+01
4.858025504373510728e+01 2.582146980458771779e+01
4.339888123220460159e+01 2.308781053058436328e+01
6.234257601158089557e+01 2.620483330194517535e+01
2.510927667752438808e+01 2.235392670182269015e+01
4.578289234317601597e+01 2.465254834145298446e+01
4.129592827556011514e+01 2.401976327951383539e+01
5.036323392310232805e+01 2.436208677664150812e+01
5.648710922332967499e+01 2.406892989533844940e+01
8.171166960590787198e+01 2.368069037881238259e+01
6.131369843702721312e+01 2.944163303830026024e+01
7.677541020445967490e+01 2.105635665332779638e+01
3.827793828539274301e+01 2.359403371541446504e+01
3.090749268439426700e+01 2.015839740460240392e+01
4.819831390515967939e+01 2.407785883177155384e+01
4.496365786137985765e+01 2.470969758667309080e+01
8.197761186237300990e+01 2.659403572836918528e+01
5.650213140736657635e+01 2.307863696794469632e+01
7.202328652110431051e+01 2.397810919910592986e+01
3.825760472906312515e+01 2.364959231796325057e+01
4.485623261546091101e+01 2.290900697847064649e+01
3.995167423283253783e+01 2.475521580149038314e+01
8.497446568433028347e+01 2.407078608864085467e+01
2.644942521057236107e+01 2.133261296317638056e+01
6.715583864945421055e+01 2.674021367378935565e+01
4.175163458888395951e+01 2.463202131194734434e+01
8.268404768327127385e+01 2.758347285651932879e+01
4.586979339151198332e+01 2.633190253702148453e+01
6.631786716353471434e+01 2.568912481741046605e+01
6.892598598413511013e+01 2.753084352101986809e+01
5.343229962602276117e+01 2.427806957143565469e+01
4.166066641880143351e+01 2.090882578344519871e+01
7.166683704381244979e+01 2.573375747245504286e+01
5.278070418870572666e+01 2.500464479741031454e+01
7.569197569710672724e+01 2.853055981617280779e+01
4.948253895558897142e+01 2.348185405633042322e+01
6.816303978624965509e+01 2.400174073539819375e+01
5.436641844265913903e+01 2.349210367399148325e+01
3.543424370735630902e+01 2.531047555468055776e+01
5.261966383894416310e+01 2.350042009743499705e+01
5.828045882662799215e+01 2.622989441497362151e+01
4.354718874450504273e+01 2.585571880090223473e+01
4.741393826357172259e+01 2.179579668647468793e+01
6.025203472663697113e+01 2.436720357939621096e+01
4.705037796016616625e+01 2.249755587771034016e+01
4.837012714196743701e+01 2.523184369647838565e+01
7.315085025681658237e+01 2.608223708651454231e+01
5.912116342619184906e+01 2.338628363772025764e+01
5.292181049222281786e+01 2.467421365462329419e+01
4.795317164911723751e+01 2.363990885589369384e+01
6.352545720891254888e+01 2.362672097810510152e+01
5.816812655155081302e+01 2.433375350044348551e+01
5.317936764606177036e+01 2.571415248523637942e+01
6.279694573205603803e+01 2.592453935770897999e+01
3.826146000529278979e+01 2.637780993918402217e+01
2.373993284524129876e+01 2.188900710642150216e+01
6.371213052545519417e+01 2.153305376841249696e+01
7.033717457559336594e+01 2.841709007376803697e+01
7.041969108730381777e+01 2.575001640704601158e+01
6.286853455835557725e+01 2.671834910505922522e+01
4.692223115927148314e+01 2.555326581291510735e+01
4.472717966773314657e+01 2.475384787734544645e+01
