1.844184701758388485e+02 4.321842478235025453e+01
1.477760357449761841e+02 4.231822173454176550e+01
1.811020260799183177e+02 4.035504021498370264e+01
1.532013922715691763e+02 4.330962672961954496e+01
1.840532568460323830e+02 4.407480130187800427e+01
1.482710187063137255e+02 4.105552516135459484e+01
2.124707522893290559e+02 4.248345077316660223e+01
2.036784708818860850e+02 4.158770202246699199e+01
1.738777215677053221e+02 4.394671056403643661e+01
1.557728444368714804e+02 4.166464485881088109e+01
1.785826011531192137e+02 4.191797683598255730e+01
2.381557593816905296e+02 4.722227525326074016e+01
1.628196247830459242e+02 4.067896364934496489e+01
1.448599070738530088e+02 3.808251418401680866e+01
1.548694271870576245e+02 4.298887198285602551e+01
1.776823033330585133e+02 4.481787027953113522e+01
2.012634867114606436e+02 4.232790559357425764e+01
1.968124068651079028e+02 4.328148808822581373e+01
1.576068987138795592e+02 4.283935904409742079e+01
1.363822642422157685e+02 4.102508472790650274e+01
1.454259015774382249e+02 4.139607787211868128e+01
2.333652835109397188e+02 4.490560889944768519e+01
1.701141558319997102e+02 4.456444253651805099e+01
1.548798048233286124e+02 3.967304648279991852e+01
1.336704016812273892e+02 4.634595406562694109e+01
1.958426165136804684e+02 4.286953221674901471e+01
1.991100676387047201e+02 4.428374491217434183e+01
1.237191372819893047e+02 4.110406142173641086e+01
1.529815474953101386e+02 4.689394500990118786e+01
1.959341012006457561e+02 4.169518561835860027e+01
1.437382481508188334e+02 4.524041981838470150e+01
1.817979843989445499e+02 4.231096995094679869e+01
1.581624952841590357e+02 4.127246508173249850e+01
1.544230426972296186e+02 4.089044117781634213e+01
1.610876013168078771e+02 4.322017950059601077e+01
1.589955376195067629e+02 4.206816131877070575e+01
1.476580516361708533e+02 3.923236733769365969e+01
1.902654000494481181e+02 4.326834600678641607e+01
1.807125278180001260e+02 4.177703488602913495e+01
1.676486690065584071e+02 4.372271848574177966e+01
1.644248309625329796e+02 3.925602862076294031e+01
1.824145687118243018e+02 4.280163304119972167e+01
1.950347394237001311e+02 4.566104870358717704e+01
1.414523766446390596e+02 3.801700932580462933e+01
1.573723824678889684e+02 4.688220935084012808e+01
1.361815107656350392e+02 3.920095762219756352e+01
1.747012745194690240e+02 4.058092071260783484e+01
1.341057215021342870e+02 4.529540983284685041e+01
2.018035430024991399e+02 4.737174248228374296e+01
1.502918062152979815e+02 4.147700329398961117e+01
1.759038292705421895e+02 4.138508871304357228e+01
1.612112000551018980e+02 4.208609606937553593e+01
1.590632603047791633e+02 4.105625529123534534e+01
1.458166178321261839e+02 4.472421425862563638e+01
1.259449045313881470e+02 3.891749482249752390e+01
1.772157572544814172e+02 4.394118479380341569e+01
1.484774692203692723e+02 4.196509718927381982e+01
1.868090105850124871e+02 4.264653137421023388e+01
1.368695917705493912e+02 3.989359241806060652e+01
1.638186410614007684e+02 4.204710266342873837e+01
1.727190733481534721e+02 4.077751242328755410e+01
1.791641555618833195e+02 4.411705064202067206e+01
1.610276724944589262e+02 4.162415567807265404e+01
1.723359888470944838e+02 4.572606191101812811e+01
1.461126390940545150e+02 4.361035863308459426e+01
1.943717564995249631e+02 4.295243622026010399e+01
1.735306216837696809e+02 4.421543870535433740e+01
1.705742809299174212e+02 4.152864008166464771e+01
1.388600599629344572e+02 4.368569479335275219e+01
1.631236259930619497e+02 4.595249190184876653e+01
1.713778265358491524e+02 3.625561737233567072e+01
1.884421163070256000e+02 4.071167137879624676e+01
1.970827092317941265e+02 4.167892046324133304e+01
1.429623125659922209e+02 4.006515815737853359e+01
1.667052777719012226e+02 4.067425838012787409e+01
1.266035898864190159e+02 3.875516352448543245e+01
1.710527626510667858e+02 4.051286607240809445e+01
1.377833818768224887e+02 4.315594073503487493e+01
1.789077938525210527e+02 4.114672091378278651e+01
1.389536895254734077e+02 3.779538824477921111e+01
1.802554407242435275e+02 4.404528812112249625e+01
1.299898933731734587e+02 3.991523526100625219e+01
1.272045613777965798e+02 4.367512695098717757e+01
1.462474993763706266e+02 3.575353033478160825e+01
1.928513204803034284e+02 4.660331289291181633e+01
1.834168315298878156e+02 4.115985777828376513e+01
1.968438641099315021e+02 4.169556324252032198e+01
1.926790314649206550e+02 4.745903623757681089e+01
2.064733333054264506e+02 4.992146396700274380e+01
1.457020821267151689e+02 4.237591000925861806e+01
1.744958128831641204e+02 4.408264037932232782e+01
1.789387204570822973e+02 4.502547334842680726e+01
1.690830047560346259e+02 4.076196042193691937e+01
1.636408007909420803e+02 4.399453029770247525e+01
1.661569764786521262e+02 4.124789143119883761e+01
1.956592928526783055e+02 4.598467135458157884e+01
1.614018480672575890e+02 4.294646976462517785e+01
1.818360719366116882e+02 4.576113256775606430e+01
1.735000582880947206e+02 4.523307048443737699e+01
1.957712677155584231e+02 4.303097164786976236e+01
