1.814754078216599567e+02 4.272245618517406740e+01
1.586338906282519758e+02 4.082157726144350818e+01
1.444207643298007042e+02 4.242808552349735152e+01
1.738630868557888220e+02 4.498378340776795170e+01
1.638087441652236009e+02 4.126852646726203488e+01
1.652862178356391212e+02 4.094340097956301605e+01
1.699428967553769212e+02 4.160744224777403133e+01
1.729685474067504174e+02 3.925170791537323822e+01
1.381204200201018182e+02 4.402130819586151489e+01
1.431317991000190943e+02 4.144822050207249475e+01
1.751786678451800583e+02 3.769328273004639840e+01
1.755124975269176275e+02 4.609126423072709144e+01
1.332223984554863421e+02 3.823589594625335053e+01
1.635284046108509699e+02 4.418989311368522266e+01
1.609395753777692164e+02 4.390350321086773278e+01
1.649974463259032404e+02 3.968888152415135551e+01
1.530591346189713704e+02 4.146495489751224284e+01
1.510234260777340296e+02 4.118638690427535209e+01
1.594920714745725832e+02 4.266309494379438405e+01
1.522811046253622180e+02 4.181035099952645595e+01
1.515752228880962775e+02 4.092207093461729528e+01
1.947773587744360384e+02 4.632322183563795193e+01
1.471010219603073210e+02 3.835841701454094732e+01
1.981667789649385156e+02 3.870807821068483179e+01
1.634795807601810793e+02 4.064910680630983109e+01
1.274416828659658307e+02 3.907337978485370655e+01
1.737896070536344837e+02 3.859682580093924997e+01
1.464738014856501991e+02 4.021259199303339926e+01
1.451173869753232566e+02 4.325618730259759559e+01
1.374527111090630740e+02 4.309724746483409774e+01
1.508394021524248103e+02 4.101218883837889706e+01
1.253650868062570680e+02 3.666892570010183050e+01
1.561538022567577002e+02 4.155317911244589624e+01
1.677656441578842532e+02 3.802345071520564090e+01
1.171368339071483149e+02 4.062273967277901221e+01
1.676058381254457004e+02 4.337249691508310434e+01
1.554611677631416455e+02 3.911564457005781037e+01
1.595796515689224577e+02 4.067818448305352774e+01
1.555285258041276393e+02 4.393291867531346639e+01
1.413612310822992697e+02 4.115598723658345648e+01
1.077125401426983728e+02 3.247111398014322958e+01
1.597275326637438013e+02 4.419157096581133004e+01
1.568512205891144902e+02 4.016997422033468013e+01
1.636052253871159223e+02 4.194949443928651789e+01
1.695491414237558843e+02 4.138954223168070712e+01
1.594873912380873264e+02 3.937361875500076280e+01
1.575093536353785169e+02 4.345228379254667317e+01
1.123358039482746449e+02 3.966822688502408312e+01
1.228612550585040566e+02 3.904768481356656196e+01
9.352716119482721524e+01 4.159647991501282860e+01
1.261241086614463285e+02 4.049111979775367587e+01
1.414560576448178040e+02 3.904608634995939553e+01
1.597056160219342473e+02 3.898386833410204844e+01
1.499734904188865698e+02 3.815097415520838808e+01
2.025552442926281742e+02 4.387231328427567689e+01
1.328007798687500554e+02 4.184475363962953764e+01
1.612305935654726170e+02 4.841544249010225087e+01
1.419659685521211543e+02 4.171586129004062116e+01
1.751086064900275403e+02 3.746040879360111120e+01
1.820476753868193498e+02 4.180288026696680248e+01
1.626843496690369761e+02 3.948310136819473826e+01
1.776145425061949652e+02 3.938559181229160089e+01
1.573119905082440084e+02 4.153148461409430325e+01
1.757153738964181287e+02 4.041550425429290527e+01
1.348808822471764302e+02 3.836673807739231279e+01
1.367596749141144983e+02 4.026560064585616061e+01
1.730419100950962843e+02 4.240482096910241694e+01
1.486248068591457923e+02 4.121687343691674243e+01
1.673414837746395563e+02 3.921776256858515808e+01
1.462806767282289115e+02 4.477573443305619350e+01
1.851933335879242861e+02 4.030785166289301458e+01
1.661097883089801428e+02 4.131425887397741548e+01
1.270785503918256154e+02 3.846549165312341501e+01
1.548633826303814942e+02 4.142343652112052155e+01
1.453437882974341733e+02 4.024798933790489741e+01
1.746069920748030313e+02 4.060904392264414753e+01
1.685884122073770754e+02 4.267859918309918044e+01
1.848864217390852502e+02 4.127885096813078292e+01
1.631896517662018482e+02 3.885815938871121489e+01
1.311723582953547123e+02 4.079395887711072533e+01
1.343717799476188475e+02 4.432523295243110084e+01
1.861847021638099022e+02 4.044863802847328316e+01
1.599837420360531439e+02 4.089145253290426751e+01
1.934466933506990927e+02 3.803924237083477067e+01
1.356696304974603891e+02 3.977916395134896277e+01
1.791076494511335682e+02 3.827842745308367967e+01
1.774311337955903696e+02 4.156678016034187095e+01
2.189201016542257321e+02 4.359554359253706224e+01
1.730573919381631924e+02 4.288355719795907817e+01
1.789461576237144982e+02 4.230985687364510994e+01
1.450587596336705474e+02 4.031145406976740020e+01
1.651522384471182079e+02 4.537530167198480058e+01
1.802382749723820154e+02 4.216781427967227813e+01
1.808295130722679289e+02 4.083157523810736222e+01
1.450004586336795853e+02 4.688020311481500357e+01
1.937226654730982887e+02 4.329845258828851939e+01
1.919881118586150990e+02 4.318303826766257458e+01
2.012655088183418854e+02 4.260319653870890022e+01
1.643050052723424699e+02 4.191028594672887664e+01
8.298856472932993711e+01 3.243103497217654052e+01
