4.293674498033016818e+01 2.836539070658058037e+01
5.470819995016493209e+01 2.469044926364593096e+01
4.639583014747680778e+01 2.822076682085578625e+01
5.744822736208484315e+01 2.981989530517941489e+01
8.300822019081213909e+01 2.701790446077943741e+01
5.110138537584423091e+01 2.553606309140304020e+01
7.828411076861547713e+01 2.672528648813407059e+01
4.571427843474263852e+01 2.471779257562988974e+01
6.599814990839763595e+01 3.156912071972808675e+01
6.588776996417637122e+01 2.363948138643478813e+01
7.634382028785837804e+01 3.002961878172684251e+01
6.561729589024578502e+01 2.566712077167477801e+01
4.917743062326072589e+01 2.623707632337147189e+01
6.083815347564789988e+01 2.562594419697775550e+01
6.524376096623716137e+01 2.908965431028017079e+01
5.558790024000894903e+01 2.293259169131013664e+01
6.501722460202579157e+01 3.071322086251788974e+01
9.189997007075976398e+01 3.165021935130950226e+01
7.068925090784304643e+01 2.859253437058190173e+01
7.944534372913018672e+01 3.005554626750256020e+01
6.433585035482408898e+01 3.284358045987590202e+01
7.051630998315893351e+01 2.512159068957553743e+01
9.213905704962166965e+01 3.125103978038211494e+01
4.892172988298949576e+01 2.486140258951717641e+01
7.145316578190336543e+01 2.791855420675088340e+01
8.516373671264162226e+01 2.992624644413445623e+01
5.308837539219609170e+01 2.679892021171088956e+01
5.329410875777072221e+01 2.587464370788778112e+01
4.570817998950022343e+01 2.355705570899500145e+01
7.047128838118989336e+01 2.536051517364465013e+01
7.731666382327242104e+01 2.652570530362488554e+01
6.065143263243088967e+01 2.652359517292489244e+01
8.641599208269130372e+01 2.699532169894763101e+01
8.718937293805389288e+01 2.593510658137195080e+01
9.587196241244915029e+01 2.961773968284408554e+01
7.552466877581586857e+01 2.424262196514969858e+01
8.776324542185049893e+01 2.827218343437601789e+01
4.363582563870415498e+01 2.747462542289120080e+01
1.050306271767422857e+02 2.840800617531197148e+01
4.274089207209060248e+01 3.154732027510009118e+01
6.044645138486880143e+01 2.593064289254174071e+01
8.365279588541703504e+01 2.423303840431614731e+01
7.009020947956001635e+01 2.508002072618863565e+01
7.600527648185450857e+01 2.749859341256454215e+01
4.443359274134870418e+01 2.645369557102671365e+01
8.128469364782620232e+01 2.682599583774076990e+01
4.924767172346803079e+01 2.751800370019159203e+01
8.813781377875056933e+01 2.829002627915950541e+01
4.807935032706973288e+01 3.040060703043563350e+01
6.459376810559139415e+01 2.469014897317321910e+01
8.440118759192122866e+01 2.688105660377603456e+01
6.490880468358307098e+01 2.942717667728212305e+01
5.312442733086715663e+01 2.366290659787355466e+01
7.849224231039764277e+01 2.843691660419615630e+01
8.975586403575806571e+01 2.742060123032291941e+01
7.357204848309315537e+01 2.926173237069331989e+01
6.148565866703928862e+01 2.482747517694092565e+01
5.544812953407610934e+01 2.249373073921162458e+01
5.605181490080804707e+01 2.656693998499657994e+01
7.215199117323965083e+01 2.919160671190048362e+01
5.716952929335866429e+01 2.786505781395149128e+01
6.962818786127567705e+01 2.407806399609015457e+01
3.785718162556338484e+01 2.517275340542567363e+01
9.639391625493529148e+01 2.670761115463786695e+01
8.295301479637222997e+01 2.870182693795266005e+01
5.769904073062360794e+01 2.628706735394446881e+01
7.500819201489963461e+01 2.595051996434832375e+01
6.884144091477710958e+01 2.656877872396189133e+01
4.493140047329779208e+01 3.108544616083900536e+01
7.726236493284778817e+01 2.388048058436401178e+01
6.657805772316388015e+01 2.751930607835513243e+01
7.137710934762154125e+01 3.129731233910272081e+01
7.890904091800162234e+01 2.744694159499625385e+01
7.126719940495158312e+01 2.402078041974412770e+01
6.804021724102979363e+01 2.767106116861103260e+01
6.052865679918652120e+01 2.680368375844165740e+01
7.912028310895317418e+01 2.588013687372688310e+01
7.486894370799404896e+01 2.580826962803980607e+01
8.651879024128581364e+01 2.638508749950549870e+01
5.647725416827869083e+01 3.394497312092016017e+01
7.960380917163601566e+01 2.892652394518596282e+01
8.100540303385874097e+01 2.738565064658854808e+01
8.171644813907184357e+01 2.981484892906129147e+01
5.743499323263737466e+01 2.907483009372721128e+01
6.359901955099442006e+01 2.687618798624648875e+01
8.876452089069354656e+01 2.795556796160902024e+01
7.731250184196635189e+01 2.715170161045707431e+01
5.553578882384341853e+01 2.347539095127210018e+01
4.969723977664417447e+01 2.561173844232592245e+01
9.291974779660360184e+01 2.883842089011631771e+01
8.212195156738184210e+01 2.821586572525363579e+01
6.595527718748829216e+01 2.509973162444424943e+01
5.571030456189966884e+01 2.776550709361245950e+01
4.103733368217900335e+01 2.334495833117232522e+01
9.200520982959790217e+01 2.779967946623277442e+01
8.170980937703815528e+01 3.009163164741716656e+01
8.135446051906494347e+01 2.608675981439739289e+01
8.339006679279165724e+01 2.760280473042713112e+01
3.499807512524638753e+01 2.421049906181009703e+01
7.509989439517501353e+01 2.824632672377476794e+01
