9.598118234700733353e+01 2.549542006012862316e+01
5.845354957864774548e+01 3.063967723047464986e+01
4.872394631071452409e+01 1.942374932591279801e+01
5.172118604615731385e+01 2.308773101679077655e+01
6.284232466366100311e+01 2.518494937750861951e+01
6.275877455959790296e+01 2.756654425241565676e+01
6.790274087736260356e+01 2.781652843580921441e+01
7.116088864786559043e+01 3.112503514995618659e+01
6.421189054290420017e+01 2.687302842211369125e+01
8.126323981930583784e+01 2.548929099172282520e+01
6.842713598988221690e+01 2.665902278064277198e+01
6.337732809069197515e+01 2.447256070601317646e+01
5.701957835501804794e+01 3.014886222101810631e+01
5.507578463895978871e+01 2.419475081930749383e+01
4.360563596719560309e+01 2.294907132809547434e+01
6.333414365391283241e+01 2.589615585760587280e+01
3.087325416171658432e+01 2.650600877393892674e+01
5.715127227545556110e+01 2.877766933783410153e+01
5.000971826669280773e+01 2.340896534620828007e+01
4.940901381469270603e+01 2.172324265890894779e+01
5.788496926994561420e+01 2.282991064498438405e+01
7.258789930940929480e+01 2.832552217837804065e+01
6.442876905482255268e+01 3.004988132247146737e+01
5.564871537663216827e+01 2.464560494642387667e+01
3.454813243337308393e+01 2.395267188084389431e+01
6.488686564831978387e+01 2.844637013205925768e+01
5.679775483141725090e+01 2.821563077734809966e+01
7.883397579433147939e+01 2.978024172666300018e+01
5.902441499861927099e+01 2.599119419457997182e+01
3.400312735434008005e+01 2.212741794187953914e+01
4.950344531997304642e+01 2.781448949803083792e+01
4.212138306670232879e+01 2.628299911901600083e+01
2.774109812722341672e+01 2.766695740013371463e+01
8.030676608873461930e+01 2.825940749783917738e+01
6.992278856395438424e+01 2.566862821147410756e+01
8.018552514385930863e+01 2.344357864320359042e+01
6.930458608397299258e+01 2.616958491234469975e+01
6.474950411782504034e+01 2.808433766670299647e+01
5.750807984100864445e+01 2.364434568662261427e+01
5.563778163658750486e+01 2.818117478088932515e+01
7.796245723541284178e+01 2.553105814386243111e+01
7.828719270459920665e+01 2.781625184282971830e+01
7.041836736007388708e+01 2.841318356161331593e+01
4.965422989078968641e+01 2.421199374742768029e+01
4.992262980865070432e+01 2.527839455147773506e+01
5.677489262071301113e+01 2.512587654672381987e+01
5.733862823718246915e+01 2.528315517839151383e+01
7.177993946256229663e+01 2.238015139765265005e+01
4.260066655277361036e+01 2.747643026046203829e+01
5.564907845732044933e+01 2.249604541701837945e+01
5.501964510205406356e+01 2.712028240769205212e+01
4.429772513962227265e+01 2.792033114407482586e+01
5.054695411323250909e+01 2.361621677371022088e+01
6.040668535821814089e+01 2.543951852479320763e+01
6.449269472608878573e+01 3.044041422914250461e+01
9.008338780293397008e+01 2.584139059509902125e+01
5.224887596177114091e+01 2.585496260000019575e+01
8.345656991740411002e+01 2.693098103594964243e+01
5.622055760909789512e+01 2.240554192559860169e+01
3.825238491810978303e+01 2.382131740101420903e+01
7.084283280038323483e+01 2.880363717345785801e+01
6.472021153418621964e+01 2.917284412744112743e+01
7.912380746108060237e+01 2.689714699569969980e+01
5.454164275976138043e+01 2.401293620264965512e+01
6.373191237804405063e+01 2.696792304978685095e+01
4.550188553241027023e+01 2.508374824631655997e+01
9.356052837491432683e+01 2.701007889287737740e+01
4.582135724141748767e+01 2.579207764237325762e+01
3.624850912042545303e+01 2.532304754461141272e+01
7.410043520448704157e+01 2.899717104850506999e+01
8.458100459588435172e+01 2.824611655781117392e+01
6.378036757403772583e+01 2.638819253232097140e+01
8.188539928082728636e+01 3.020044729689265139e+01
8.455297103331584196e+01 2.448073024664864761e+01
6.921553956441825051e+01 2.729683388290519019e+01
2.826343141869164555e+01 2.253978103792350041e+01
5.546961391566085098e+01 2.499931163872989970e+01
3.767210243708068873e+01 2.148190800200364237e+01
4.648094380846289653e+01 2.602717259684212436e+01
6.322027602563694870e+01 3.097272101170013059e+01
8.546941452768042780e+01 2.790440855610424720e+01
7.022327826087712310e+01 2.586239671479273383e+01
5.120956591938363545e+01 2.315211021633544419e+01
6.633491786782543898e+01 2.305024871139256604e+01
5.927086710730742425e+01 2.465513285569158697e+01
5.991900439546959234e+01 3.055538712520871059e+01
5.708816195317778153e+01 2.217160457235072002e+01
8.067824211919914035e+01 2.564708578327309851e+01
5.692563718921284988e+01 2.821827431805385444e+01
7.035791508134560956e+01 2.699594056986971324e+01
5.390681971346329959e+01 2.263182546000376050e+01
5.255747669768574326e+01 2.604678213401757603e+01
4.991865552557589325e+01 2.703337672041993756e+01
3.565752609593067035e+01 2.590768138200186499e+01
5.456631665727505265e+01 2.233483173981151637e+01
6.710174706400692912e+01 2.568795190078284563e+01
9.260690597196119711e+01 2.422667816616750969e+01
4.322399350067583157e+01 2.556303333965955105e+01
6.760351545944833163e+01 3.038203704283184337e+01
6.533811240255778330e+01 2.665194122021033252e+01
