9.565509585171948714e+00 7.597083953383133803e+00
1.498415574058792465e+01 9.238660574520606517e+00
6.493491650336111753e+00 1.205363523968110329e+01
-2.149576653136286097e+00 6.601592678868851038e+00
9.144061376700316046e+00 6.293978713746350095e+00
2.914825360562058432e+00 6.567710187296742497e+00
6.944337595662436691e+00 8.540222152321819138e+00
8.219583036074856963e+00 1.480249475357563149e+01
2.885121715276922405e+00 8.474680545143595367e+00
1.488105511039389306e+01 1.221035166766291447e+01
1.527109632567696629e+01 1.123065042555272974e+01
3.912051796026065009e+00 5.678259275903034364e+00
9.476155627865221476e+00 1.062179913086155203e+01
8.658242035765400857e+00 8.130378029790392702e+00
2.626301357172685869e+00 9.111604357076673821e+00
2.035276897833810494e+00 8.380899283396868071e+00
1.114652830465946387e+01 9.886172478266793462e+00
1.562833213708215574e+01 8.989482494616297004e+00
6.697274357309559001e+00 5.982788995260024834e+00
3.010224670354263665e+00 1.420028365804270898e+01
5.060159548560869247e+00 5.433791408756247776e+00
1.681255605644823348e+01 8.263812907881135317e+00
1.001386606614406105e+01 8.340928332631996511e+00
8.622329523658477157e+00 8.994022440675076169e+00
-1.316947169304442777e+00 1.033598462830921605e+01
7.403670407739901371e+00 2.800456705693401549e+00
7.876004279147859499e+00 4.206388447035577016e+00
3.093323011505666909e+00 8.162595288000863647e+00
6.475743529628453565e+00 5.489309605876786513e+00
1.558083087758873830e+01 1.225473632982497385e+01
1.137173673419652475e-01 6.626104408887913522e+00
6.330353434366860377e+00 5.972610593765297793e+00
7.474643431431991836e+00 7.273354647645572157e+00
4.213623222389527356e+00 1.109641163257096252e+01
1.129716486215492477e+00 9.521489576125715004e+00
4.115903601133002354e+00 4.716033679674646706e+00
2.525875035638419863e+00 1.121029173737087525e+01
9.357224817503617231e+00 8.242099978709690689e+00
6.952456154629985008e+00 6.327913395953999931e+00
4.080695565347689069e+00 1.151417877301874881e+01
4.013879799004016924e+00 1.260339092890564672e+01
2.490210307470698492e+00 1.483529529925488966e+01
7.642631060670540322e+00 7.426723559689453857e+00
7.350133144242509964e+00 1.017495367968893838e+01
1.886437788789285364e+00 5.851095427867310406e+00
4.947146294334022976e+00 7.207124570200307723e+00
4.366555090765450231e+00 8.432740018008439975e+00
7.242115825597691625e+00 7.716351516089001272e+00
1.313303509350718734e+01 8.416435841578524091e+00
8.603052933600537244e+00 9.939731226454668445e+00
-2.014604196658411617e+00 5.456449633950108513e+00
6.529251434075857397e+00 8.674290991745019497e+00
9.383190552964011388e+00 9.907232829889840886e+00
9.777225186420393399e+00 1.046337614411706873e+01
9.228637693171788670e-03 6.365837844710073412e+00
2.264322121142721134e+00 5.113207930985969263e+00
7.242812149018974743e+00 5.350379146989098444e+00
2.194119518033180061e+00 6.360231310212379086e+00
5.665108293687006302e+00 1.041945384003238573e+01
3.869622524744496417e+00 9.810679753419336180e+00
3.139231855981789554e+00 9.224712540517414183e+00
2.546860051211119025e+00 9.429854837146946167e+00
1.538516270087801452e+00 7.885164352933895060e+00
3.396869099463639685e+00 8.964424554833607672e+00
2.661023677043548918e+00 5.421434729660887797e+00
1.331569801232775463e+00 7.618309205541186735e+00
-3.566293376819320571e-01 1.076796215348297281e+01
8.969039619508016870e+00 9.268462291307294265e+00
-1.880610309217885412e+00 5.336025526754184511e+00
5.056873725369418260e+00 7.825373501898404527e+00
1.148772406562755144e+01 1.207575984003290692e+01
2.906053226769674591e+00 8.449365995798325812e+00
9.322142929673463030e+00 8.645154966554306597e+00
2.229676523208395711e+00 6.725251494203779323e+00
1.003606912389244776e+01 9.889378006634213847e+00
-4.202422223654445510e+00 8.944261885831142678e+00
1.144099316795985111e+01 1.077577517066368706e+01
6.588656945949602495e+00 6.639166355276285181e+00
7.178489782211900483e+00 5.928183530095299858e+00
1.913714453805059534e+01 6.201722377984500767e+00
1.288885973416400255e+01 1.010466779742432131e+01
5.657497712990533500e+00 1.005224202066129280e+01
5.802242618403142815e-01 9.131096077423956459e+00
9.435772478951962583e+00 7.160641746468296986e+00
4.909589147856014080e+00 8.275011118837300117e+00
1.083324436112123479e+01 3.036255398509195125e+00
-3.417743005372866905e-01 6.227014100685819287e+00
5.900826567352126517e+00 5.049682721296073318e+00
6.119588236562032435e+00 9.937255646531827580e+00
4.059872420670354032e+00 8.169481424937726999e+00
1.368573111025764844e+00 4.401210627420031329e+00
2.926001898864088790e+00 6.874258311925610876e+00
5.852079233816652071e+00 7.123302355687735066e+00
1.026955970106540761e+01 6.372047973789140229e+00
3.290358835492064760e+00 1.387273073025752446e+01
4.175711833766124315e+00 6.064279371397690355e+00
1.552088290583740537e+01 9.042839709573650353e+00
8.511247220311400241e+00 8.689368838750354485e+00
6.242493281819955442e+00 9.230750408267752505e+00
1.502711550362997084e+00 6.441940513356667175e+00
