1.707160232289831470e+02 3.727674088238827466e+01
1.623349890865837324e+02 3.630037705728255304e+01
1.732926945342476870e+02 3.501461460345207399e+01
1.130941453120302924e+02 3.910390589914130288e+01
1.859107281451669849e+02 4.221020037225067512e+01
1.711635643083505727e+02 3.862386533713071657e+01
1.718140816278661305e+02 3.748372388718853898e+01
1.382013372252314696e+02 4.321408856404111276e+01
1.926222110403375325e+02 4.060688891100519271e+01
1.410945209533730349e+02 3.966441330399857179e+01
1.519148216334877191e+02 4.193220310709210708e+01
1.260539723508858145e+02 3.717643219669307086e+01
1.635989002639932153e+02 3.987681991379360369e+01
1.548468933856812271e+02 4.079591021245796867e+01
1.724320911786420538e+02 3.885031310708527741e+01
1.632347045825520127e+02 4.140635407122810818e+01
1.495941589801836642e+02 3.738017471467945541e+01
1.443091276384959656e+02 3.714819205461178342e+01
1.638066320109696221e+02 3.943797297721460637e+01
1.540079254631880303e+02 3.846227761957091928e+01
1.406496792150017257e+02 3.952119720080573728e+01
1.494934153788090896e+02 3.741876917732642482e+01
1.847005782806224090e+02 4.047044478685887725e+01
1.921290513748155036e+02 3.658942072957784575e+01
1.181772919157216393e+02 3.938963016676461137e+01
1.607319179108198171e+02 4.167447695618048442e+01
1.790382372612027950e+02 3.919376941599531960e+01
1.652879289650843191e+02 4.248073667588617752e+01
9.984006624659161844e+01 4.050333756871815183e+01
1.759301189759489716e+02 3.888615934178872635e+01
2.344278881494233815e+02 4.438375603659340385e+01
1.821043737963344427e+02 4.042349848386670175e+01
1.393797132711857500e+02 4.078269695620403468e+01
1.322498621449555287e+02 4.071523932757175857e+01
1.831435506677641172e+02 4.247401127839636814e+01
1.811865792363301182e+02 4.177516177908869821e+01
1.716163806188779972e+02 3.655294281773155518e+01
1.796698698772937632e+02 4.181779434124600670e+01
1.583804552529930731e+02 4.012981817362224035e+01
1.557168148949768067e+02 4.318106491842802797e+01
1.360532699468366502e+02 4.629102658982093033e+01
1.512560662126711577e+02 4.142061510906380306e+01
1.735311446293493702e+02 3.950602169465263103e+01
1.878057582090079904e+02 4.316444066097568566e+01
1.811756996036718590e+02 3.920791199989128728e+01
1.757351599849648949e+02 4.166607142660143381e+01
1.418219699136408281e+02 4.118352766628095196e+01
1.763504459916922826e+02 3.778019395381684831e+01
1.682917515300397895e+02 4.182783913467122261e+01
1.622152613895330830e+02 4.065713649215289394e+01
1.836436505552980236e+02 3.590017224995182943e+01
2.069703550543939912e+02 4.257597717232053469e+01
1.215403764831065843e+02 4.290601372471384423e+01
1.611601453580281600e+02 4.494835797464039473e+01
1.706288292133643836e+02 4.528133055120550665e+01
1.476643252348641511e+02 3.966393016552824236e+01
1.711965149755506275e+02 4.104716335550915574e+01
1.379988600025145900e+02 4.023769985416170414e+01
1.127316802801434648e+02 4.040253041619111229e+01
1.690538922718415904e+02 4.199031086314651162e+01
1.712257812500118916e+02 4.131118544210852406e+01
1.383642981259378359e+02 4.038769626519457745e+01
1.281240785651555996e+02 4.012684179245385252e+01
1.451253777974073387e+02 3.993033750309525942e+01
1.668605935734966863e+02 4.068715380417222605e+01
1.751173301420766393e+02 3.947737303126651653e+01
1.913310839933126317e+02 4.102864180678461992e+01
1.477942738399155758e+02 4.046666384059055588e+01
1.428649257297917075e+02 3.840456277371870186e+01
1.997504773682423433e+02 4.626250126778036531e+01
1.118743203621774853e+02 4.154470583882027057e+01
1.598617211163973195e+02 3.863230443847236728e+01
1.347520119773083707e+02 3.874674093947832176e+01
1.517643828689075178e+02 3.877380697288532474e+01
1.255108482057538311e+02 4.245065280002786778e+01
1.469005464310921241e+02 4.185587559039702654e+01
1.592883714867441540e+02 4.438899599676293661e+01
1.286244724106866784e+02 4.340237356006852565e+01
1.926048162518066249e+02 3.733718948799992887e+01
1.515754358160717459e+02 4.053338136298013694e+01
1.643692544341781741e+02 3.768436554308193109e+01
1.744231664344353590e+02 4.160762625729218911e+01
1.511779071390762681e+02 3.464616883661648927e+01
1.427516711354096515e+02 3.549164729068304069e+01
1.072804444186164829e+02 3.723714116843959943e+01
1.393038953358472725e+02 4.124037631823478733e+01
1.695029933487385847e+02 3.948089091521254801e+01
1.277887919243318464e+02 4.377763275767327400e+01
1.584958268082036170e+02 4.109813785370675987e+01
1.462940942099521067e+02 3.943548409288426626e+01
1.747854160286860861e+02 4.553631842184604039e+01
1.363686329600086253e+02 3.872908410074391838e+01
1.327619595883174668e+02 3.526771825571825758e+01
1.769982618017911591e+02 4.146924049853793548e+01
1.901539676452703702e+02 4.061336222928370887e+01
1.442367962069433531e+02 4.249905281962710291e+01
1.664046572695356758e+02 3.733077823893138714e+01
1.209830315614247525e+02 3.720972950157282355e+01
1.648504771047909117e+02 4.033127438317193025e+01
1.590892673308391068e+02 3.808828522925617222e+01
