2.144179816191377341e+01 1.899685167705053956e+01
3.135889317693535716e+01 1.849709733087016872e+01
2.130103256931451483e+01 1.742373879910439172e+01
5.318580050107119916e+01 1.992798265186385720e+01
2.819110729736945231e+01 1.772783916510631741e+01
3.084273256537495911e+01 1.479028739932566872e+01
4.348244568412034994e+01 1.768241231056475016e+01
4.333641663287075119e+01 1.558144444369956894e+01
3.347088197690672473e+01 1.604119052968143322e+01
2.340683330907179283e+01 1.749148526813275240e+01
1.942612696488289359e+01 1.576965870068768183e+01
2.697864364224987099e+01 1.760494215375913640e+01
3.235673717128576499e+01 1.957638319061342358e+01
4.799407114072715075e+01 2.160885415857303471e+01
3.490227553102638325e+01 2.021322419638182311e+01
3.659958156897452142e+01 1.906806891527498138e+01
3.548363705510392663e+01 1.687726858761474702e+01
5.000789604238737240e+01 2.201234387997764586e+01
2.359119182759906508e+01 1.954499560225444199e+01
4.185806334712822974e+01 1.911127738150154798e+01
4.838827902724402463e+01 1.865367125490995548e+01
2.190563798443617927e+01 1.572199139435859649e+01
3.048088089384754440e+01 2.686729517241621323e+01
3.132356247406243455e+01 1.784530616288495253e+01
2.908499592253113519e+01 1.711446439122158480e+01
3.036258522428655482e+01 1.974829162127306503e+01
2.509643377909059225e+01 1.670364278183545892e+01
2.609282443855994060e+01 1.859317612708512257e+01
4.354581580205459801e+01 1.847772664492329397e+01
1.886531864045244689e+01 2.160743684951321697e+01
3.759871059049271480e+01 1.812776511900096921e+01
2.471151302366240188e+01 2.118683268314222090e+01
2.355987076261290625e+01 1.549049495096072881e+01
2.788761505910126814e+01 1.740027627427194545e+01
4.295361552387419124e+01 1.974640808468662811e+01
4.037341685761044374e+01 1.728483223027674143e+01
4.257091331249965549e+01 1.785494327535565162e+01
3.944013237848613329e+01 1.800604483110386411e+01
5.576945483892010458e+01 1.525023104077188840e+01
1.637963095440011685e+01 1.556311574584302448e+01
4.229643218567826324e+01 2.163842065190982566e+01
3.140580407513090222e+01 1.649611779999378669e+01
2.415284199667850018e+01 1.989020017006703256e+01
1.905340615034494434e+01 2.104299498627771214e+01
3.607606513228764555e+01 2.034665587116897356e+01
4.490836617212204374e+01 2.250747633965692884e+01
2.334871278419794294e+01 1.837070218104491559e+01
2.726408683049005433e+01 1.423741104417652004e+01
4.021479778202444777e+01 2.348698286482762043e+01
4.764457791902625416e+01 1.668603748201688575e+01
1.943356447722754154e+01 2.103406474700394924e+01
2.538597003513634576e+01 1.724095133887573184e+01
5.606769817654843280e+01 2.378665666215142238e+01
2.851062595644388864e+01 1.844287929493732392e+01
3.951322513648101875e+01 1.620487269513214557e+01
4.758361835705677123e+01 2.073416366445392711e+01
3.837476858003343239e+01 2.053326593109345666e+01
1.543879946088814847e+01 1.878645015095928272e+01
4.302489683906937756e+01 2.069028852724030898e+01
4.207834615189767646e+01 1.767226306322201168e+01
2.124963072818366427e+01 1.713743298750238964e+01
2.692105223694415628e+01 2.208199153675023041e+01
2.255949200978849944e+01 1.804130166732340612e+01
3.522687737649334849e+01 2.335032420839822720e+01
3.126078082254201718e+01 1.868019818423585221e+01
4.271805921576673626e+01 2.356434671015050597e+01
3.857835367034147822e+01 1.722810641306616830e+01
3.290928192770299177e+01 1.964221989832890358e+01
4.561513751212718404e+01 1.906420626474772462e+01
4.024915627649661332e+01 1.597564261857022849e+01
1.089482106846440246e+01 1.866818860333286878e+01
5.554215974994336591e+01 1.946810000005083907e+01
2.781397410612851218e+01 1.973252628438560308e+01
5.657747710548402154e+01 2.468644704755569919e+01
4.131522722449120977e+01 1.850951935679132987e+01
3.053785766836400128e+01 1.716286813542231826e+01
4.568513129125858541e+01 1.596711410482401128e+01
5.435577992427575822e+01 2.027980257279434539e+01
2.541119375528293745e+01 1.986455099692999582e+01
3.592073597100908700e+01 1.797017074892459831e+01
5.400952199153120148e+01 2.162003390849807616e+01
3.034801201907695045e+01 1.936475047201595245e+01
5.017805696536466797e+01 2.031376198284704415e+01
1.730693525029607827e+01 2.155953744754591384e+01
4.124194464612831013e+01 1.876597091439243670e+01
2.698233809329440192e+01 1.814499924979942591e+01
2.671263843053739251e+01 1.987716351071353316e+01
3.450076517557523914e+01 1.954703071051773833e+01
4.974531236076080631e+01 2.280586425811707940e+01
2.809642747832353749e+01 1.515258543764150723e+01
3.771306426337689288e+01 2.169158588965911960e+01
4.345712803736057595e+01 2.594120176193747440e+01
4.822727461084362943e+01 2.487391933645433539e+01
6.079958015091425239e+01 2.200334597784442892e+01
3.055757284250563188e+01 2.246410602273208923e+01
2.793922579853783716e+01 1.358971489907925445e+01
2.704232675007362730e+01 2.074368894578870481e+01
3.001214340418054505e+01 2.016583539174903450e+01
4.150771691329687485e+01 1.840115175743938281e+01
3.704761558836117530e+01 2.139838110451085385e+01
