1.217756591697924762e+01 8.870690325875104421e+00
4.663599689656821923e+00 8.487256313337359970e+00
2.333179185496229380e+01 1.152961992708312344e+01
1.511661598447219568e+01 1.231095930990051990e+01
4.752481554585306078e+00 1.107377180253008220e+01
8.131780489393795719e+00 1.314438165777332301e+01
1.336110004686853436e+01 8.985067732581585531e+00
2.291565798049433056e+01 1.112398996071780566e+01
2.196455557272409820e+01 1.738386626609672447e+01
-9.676656748552829868e-01 1.097177631542777121e+01
1.564215808128530583e+01 1.204813267232853669e+01
1.007020926349064283e+01 1.135851881933613505e+01
9.242298991231235661e+00 1.265868206545968278e+01
4.140673444546357551e+00 1.282564051152584561e+01
2.320650698651832755e+01 1.216843035032298204e+01
1.198464080153038047e+01 1.184292010532012718e+01
1.127002401514637775e+01 8.995745052778064021e+00
1.700759728413400040e+01 1.216952405740998877e+01
2.779969914653139806e+00 1.081858368522761715e+01
1.049760434415150456e+01 1.158338951399744410e+01
1.193351828324813901e+01 1.079894505637726532e+01
1.145149329693668783e+01 7.453732573325853927e+00
1.675836530173587846e+01 1.128615629239940255e+01
1.220574815441840499e+01 1.201679973589980222e+01
1.907269144192436272e+01 1.134816854550464349e+01
6.691680654321638499e+00 8.347231182590844512e+00
1.394664632767806944e+00 8.672066815407212914e+00
1.012003646060749951e+01 8.604284517405126564e+00
-2.122880785847523377e+00 1.340616724614349131e+01
1.653630409343651309e+01 8.923839998654530703e+00
1.941253643733852741e+01 1.260355101437879100e+01
1.181197094381886181e+01 9.057093379082436613e+00
1.003786618500130778e+01 1.275107129532500139e+01
1.369843687436922330e+01 8.812847883647821234e+00
7.868743823376701307e+00 8.856899539884826922e+00
1.533292247420246213e+01 1.033106825096382586e+01
1.193040187112902650e+01 8.497183091005979350e+00
6.772938355203329763e+00 7.827208439676412333e+00
1.399249230108461006e+01 1.451869770629006773e+01
1.220165654484561024e+01 9.376132431314148974e+00
3.412492585945730905e+00 9.221304196082073190e+00
1.798393476210825170e+01 9.052670691709995054e+00
1.024299165349723850e+01 1.392729846291218543e+01
-6.768300304740076712e+00 1.454117598435661129e+01
1.475680719622535086e+01 1.087191888931712569e+01
5.755059543139538825e+00 6.443147291431027490e+00
6.345681902583934608e+00 6.739296643822099142e+00
2.340816433532489782e+01 1.489930456504779599e+01
1.299746752572915831e+01 8.739296571340252839e+00
-4.467977845570274553e-01 9.317610411388331570e+00
1.516488482416959904e+01 1.193333242254558790e+01
1.472079132031920601e+01 9.301906960604714669e+00
1.524207756260130253e+01 1.123107534821604681e+01
-1.838383884704197335e+00 1.147578057275193686e+01
9.473757799763928844e+00 1.159017730598309548e+01
3.452363318000017944e+00 1.599934885692855602e+01
8.061304806922176880e+00 1.119108169423002686e+01
-2.004467160953966154e+00 1.279330484824377301e+01
1.150723286750782215e+01 1.719298097301012973e+01
2.621553489043162699e+01 1.142273535818631913e+01
1.415457321484816511e+01 1.081396939274959834e+01
1.991740124379603216e+01 1.081320159438584660e+01
1.705192779105662026e+01 8.879886723792777659e+00
1.926160825863798109e+01 1.216343834537332569e+01
8.566083774064148670e+00 1.055918348571336374e+01
4.634818827862096313e+00 1.135790554657829432e+01
1.425573515297502958e+01 9.914780411471115329e+00
1.318168448608392218e+01 1.501418584344822449e+01
1.229700686754271821e+01 1.180411815300646516e+01
1.111602746244470197e+01 1.093843349695690748e+01
1.559424762929678288e+01 1.307633404988614600e+01
2.418018564194039044e+01 1.374386400730098678e+01
1.081200845391393806e+01 1.310587263383822254e+01
1.011446255797984506e+01 9.535986118786604848e+00
1.522548935737192188e+01 1.209570061467104907e+01
8.693937288348404735e+00 9.102683978100278850e+00
2.716285336554629737e+01 1.342655197972746173e+01
9.236610921041707556e+00 1.381357395224989837e+01
1.906438704651921867e+01 1.668477393415771104e+01
1.486664617145370570e+00 1.167643533836653802e+01
1.128129583879779574e+01 8.099427863424473628e+00
5.751642682593834266e+00 9.455129257589726777e+00
7.372024733929078089e+00 6.783871941720457599e+00
1.663392721028018428e+01 1.041388344631090312e+01
8.220680881997354916e+00 7.663676066751973437e+00
1.436941488138355183e+01 9.349511115260588312e+00
9.763552504515612185e+00 1.008984082820158612e+01
1.596848015333441140e+01 8.740829587284746793e+00
1.002025171295289674e+01 1.065531550470666389e+01
1.804727396183841748e+01 8.838299712508558059e+00
5.633255021153344977e+00 7.430425387445116492e+00
1.993357668548347306e+01 1.182879311810643408e+01
9.179042075585780225e+00 1.021634422084851579e+01
1.660244804302987021e+01 1.076965264379940379e+01
2.013822336181927497e+01 1.190408306310752806e+01
5.324497878590654931e-01 8.652915642236056470e+00
4.598930363946708511e+00 1.390828894095296953e+01
8.056846399307467266e+00 9.651120170505116391e+00
1.131842072199589744e+01 1.311867998516274625e+01
1.592883631069317296e+01 1.155134092413845259e+01
