1.564803335581986232e+02 3.906019566748015137e+01
1.908396020522710899e+02 4.379674313043758360e+01
1.425308982558796345e+02 4.446993964230688334e+01
1.895719191220372011e+02 4.467830300499078788e+01
1.327647553541488605e+02 3.876360921365114365e+01
1.619913441779159484e+02 4.191937721949361162e+01
1.577053619572413652e+02 4.320776751109085012e+01
1.447385075881266800e+02 4.276504166433001330e+01
1.375836260184431410e+02 4.214289527417952286e+01
1.775216578636309634e+02 4.018089461469792667e+01
1.468478321986870299e+02 4.331952426491061914e+01
1.162201580917173516e+02 4.106881214489894205e+01
1.533092238617054193e+02 4.451419140064314206e+01
1.391877234209403866e+02 4.413759086469156756e+01
1.646902896263791547e+02 4.090070231860027405e+01
1.568209773204430348e+02 4.108653578227432490e+01
1.585281033279551082e+02 4.432225137960784167e+01
1.791897100968957375e+02 3.850226038629683245e+01
1.420415244409614672e+02 4.455660807150756852e+01
1.558951157792160416e+02 4.055918470634904338e+01
1.571534460751925906e+02 3.919972570567860259e+01
1.388469964540806245e+02 3.883577576355708061e+01
1.504967667978233408e+02 4.380294177147130341e+01
1.677672028814598946e+02 3.804496578469924373e+01
2.020289790352628927e+02 4.087257915383547413e+01
1.695414392086266275e+02 4.168814204069279583e+01
1.640111128540115999e+02 3.921059865546332901e+01
1.696431267319655944e+02 4.255916651724349720e+01
1.261331427037681152e+02 4.019293511719140355e+01
1.871895518908519307e+02 4.112957440698622946e+01
1.870227435462790311e+02 4.030258163552870343e+01
1.754282253001537981e+02 4.250064683054136339e+01
1.533668160894586379e+02 3.775088144797040712e+01
1.282544306411794253e+02 3.736778174376305373e+01
1.240759977106197312e+02 4.045041022410762110e+01
1.832619185292981001e+02 4.214718309607190605e+01
1.946442277033428070e+02 4.487803690241398158e+01
1.861428526093530138e+02 4.265578654026599992e+01
1.494510244686025544e+02 3.649712278395897869e+01
1.552781058386636346e+02 3.897531194251574505e+01
1.891022194514842454e+02 4.503121079084663592e+01
1.833430286585050055e+02 4.108126768831437658e+01
1.983055154513278922e+02 4.175594327849071874e+01
1.649747437239664123e+02 4.289391629254748750e+01
1.636485947071151941e+02 4.391529241338381695e+01
1.454817849000329488e+02 3.841131237436260903e+01
1.789650909475190304e+02 4.664253443747686845e+01
1.799995451316061690e+02 3.735238231455263502e+01
1.985763231863213605e+02 3.789806442911450546e+01
1.616166822859879062e+02 4.481300908740224287e+01
1.298143695556011892e+02 3.990568224950775544e+01
1.962398425246630893e+02 4.158001500064988676e+01
2.224105340982007419e+02 4.033736003632264300e+01
1.837685447420315938e+02 4.585979159376454106e+01
1.351315420660037034e+02 4.333525142849802592e+01
1.652581162070306959e+02 4.475472076502244789e+01
1.450181363044021055e+02 3.852070784319167274e+01
1.491230299146284892e+02 3.962296588220729632e+01
2.438979388592126440e+02 4.066206239767841168e+01
1.730404293863034297e+02 3.986455717411003974e+01
1.739070815291069039e+02 3.807624588895709650e+01
2.036407250075123159e+02 4.127934506228833555e+01
2.137553647438561484e+02 4.379150386544704787e+01
1.761436863395452121e+02 4.179578507038514346e+01
1.677816855131091529e+02 4.455848059175637843e+01
1.584761211988634386e+02 4.181419635259925371e+01
1.396582511189820650e+02 3.896359583733994469e+01
1.495823696248814656e+02 4.175921791072762801e+01
1.562698943824037769e+02 4.004937212279808278e+01
1.643518462212171016e+02 4.438499005360205985e+01
1.579951678139434250e+02 4.367548939991404211e+01
1.505122107771294679e+02 3.758738820739015551e+01
2.081764686356821699e+02 4.206422601720579024e+01
1.646731357719715731e+02 4.331139294739038803e+01
1.760750756600934892e+02 4.639480101938407586e+01
1.832414707341565645e+02 4.330379525809492947e+01
1.599715446904546354e+02 3.656525152695218139e+01
1.671868118723302530e+02 3.800676606253674805e+01
1.874403052880661846e+02 4.232818455682540559e+01
1.547505845295391964e+02 4.278328290291118918e+01
1.626893528284689410e+02 4.677655461441933937e+01
1.041195265748640821e+02 3.998366413765760541e+01
1.621460060003475689e+02 3.819031422572557943e+01
1.924247231186683393e+02 4.274367003733473780e+01
1.203785555767530582e+02 4.085564413650839555e+01
1.772007124935340414e+02 4.503183085671840047e+01
1.612521974600526846e+02 4.243203994395296519e+01
1.940748349070615575e+02 4.305104185332645983e+01
1.785145407549735523e+02 4.298166538358273669e+01
1.435149530501652748e+02 4.265680037745372033e+01
1.658224403079447882e+02 4.042399951323908880e+01
1.928697654341304712e+02 4.818787428998802369e+01
1.369579248922382817e+02 3.894414664111581459e+01
1.756419734200921994e+02 4.324250679604352143e+01
2.074391604300700465e+02 4.133038307537605505e+01
1.365383405298630919e+02 3.942017701766269511e+01
1.611621636401583544e+02 3.913357548499267580e+01
1.883711212906078742e+02 4.429164962558810714e+01
1.725640039896578912e+02 4.078774804800742260e+01
1.653002470691701262e+02 4.044791241479303778e+01
