5.958062393148363611e+01 2.566293174295784851e+01
7.567912109342879035e+01 2.809090542110610400e+01
7.933842689700395567e+01 3.184462025295711030e+01
7.989483423693643260e+01 2.765821512101460655e+01
7.391345731634889660e+01 2.625899549991502013e+01
9.538396238410254568e+01 4.011417166531300182e+01
4.950037705420661638e+01 2.457036458124521161e+01
6.669016178212177692e+01 2.952588776537273318e+01
4.417978802756975654e+01 2.377473360189902962e+01
9.581003908548551351e+01 3.293318072907309357e+01
6.907983112676419069e+01 2.939356149030996690e+01
5.362218933448278335e+01 2.691594814968574667e+01
7.721760093748657994e+01 3.045455941020956203e+01
9.894806134485705229e+01 3.072927797544122797e+01
9.218480155286400191e+01 3.227334510115750987e+01
7.031421195443471106e+01 2.779423725614804397e+01
9.042973646864153636e+01 2.789667358992421953e+01
7.305155629887624968e+01 2.639654645970582791e+01
8.464319354729033762e+01 3.011887589779988872e+01
7.883901878647552053e+01 2.923362997790547979e+01
6.252057492344222567e+01 2.831476236380233047e+01
9.244690240957456240e+01 3.207033432937224404e+01
7.196068442669017884e+01 2.808368784848547506e+01
8.483494802190477913e+01 3.002454863656684836e+01
8.457488400172330500e+01 2.994492146622673445e+01
6.101231976823854808e+01 2.614305912363165163e+01
7.558582337770585013e+01 3.074751929079848622e+01
6.767319359953377500e+01 2.572638011806692759e+01
6.217341276583965026e+01 2.377640734906931286e+01
5.809614330099417145e+01 2.895118097499035770e+01
6.205195659894202720e+01 3.153681004988330017e+01
9.975346018358141009e+01 2.961685693403851261e+01
6.248624717472521439e+01 2.938748409391236294e+01
5.455146861148219273e+01 2.418647269906033870e+01
8.428443614098958392e+01 2.874466910158182031e+01
7.980827890723523410e+01 2.572388163077330603e+01
7.003382213355384067e+01 2.906247321143240825e+01
1.021234922604566151e+02 3.128577227732251842e+01
8.265954668970567809e+01 2.970255892428172828e+01
8.721712584294249382e+01 2.588014417110734655e+01
4.087504471947712403e+01 2.942039115230578261e+01
9.644691823600928160e+01 3.090045492747151812e+01
8.850824245105923183e+01 2.864459472062917555e+01
3.844330905334651760e+01 2.746629168946379096e+01
4.228546582760130690e+01 2.407284521781883413e+01
5.900969092442467456e+01 2.469266646100952300e+01
8.178404397351675925e+01 3.199030870941747651e+01
8.943071636781887435e+01 3.142328623893480000e+01
7.300775356405628713e+01 2.670319587357977653e+01
8.173113152793388281e+01 2.928815141771498887e+01
1.007020217512155398e+02 2.712158632674659842e+01
9.660102556664855911e+01 3.199964517267375186e+01
6.551372993658077348e+01 2.906332867404143983e+01
9.007212236371249503e+01 2.844456464832706644e+01
8.979244706114928931e+01 2.729401618170635402e+01
7.894783375138983672e+01 2.900530586771847297e+01
6.976438816034379897e+01 2.473374051614620939e+01
7.363069716694546685e+01 3.018183270944704333e+01
9.226413388854690822e+01 2.813309205621127873e+01
8.618163399889303378e+01 2.991109616217793032e+01
6.651960874904686705e+01 3.058763315249946757e+01
6.772889941267357017e+01 2.896050961399602741e+01
7.623353383534957572e+01 3.048918148052113253e+01
6.155560306239951984e+01 3.022709280742192917e+01
6.582611195779216473e+01 3.012103867547558522e+01
5.038966130689895806e+01 3.327502467761650706e+01
5.006244785987711055e+01 2.705051092298437254e+01
1.119701884372454401e+02 3.272078242170671558e+01
7.528417344319304050e+01 2.595077721414227412e+01
6.262365507322451919e+01 2.559903287361882462e+01
9.276518765607535499e+01 2.631510493628146463e+01
4.770794908338244511e+01 3.222596670792964346e+01
7.825257036924483600e+01 2.915606198619069644e+01
7.999339322662612517e+01 3.009534766657863614e+01
7.014196511826301617e+01 3.261944365476819740e+01
2.807508818101412729e+01 2.803557967573176413e+01
1.005980818307096740e+02 2.648516073339911969e+01
1.100730498649858333e+02 3.316932550163554083e+01
7.082941774372983446e+01 3.075926301111136851e+01
7.429903001409267915e+01 2.795986158268467747e+01
5.928012145380075992e+01 2.812651289120960385e+01
8.985862926046011978e+01 2.924376608857700788e+01
7.820292566262783396e+01 2.742289879870058655e+01
1.036879001247909144e+02 3.472517616838455723e+01
9.050617328210407209e+01 3.185639843678767136e+01
9.209683827234623266e+01 2.699277156228960095e+01
6.292354464714880180e+01 2.362164713611394262e+01
7.029597047382583241e+01 2.967424034685293321e+01
5.140339213338466351e+01 2.450586658664383677e+01
5.584172971202174551e+01 2.572996019236710552e+01
6.376803208933637990e+01 2.951024529042233979e+01
8.430943876225384770e+01 2.661243028403091415e+01
6.914984934874155442e+01 3.065954010638119698e+01
7.456695723028208533e+01 2.432898299450135227e+01
8.471929693450006482e+01 3.241900974767812471e+01
4.883246718643854933e+01 2.627302507240602480e+01
8.400192151967964094e+01 2.954933128629481587e+01
6.535012765650631650e+01 2.716530227795789187e+01
1.051002269189049940e+02 2.596002954471495983e+01
7.920598509020877032e+01 2.989564135755521690e+01
