1.933211089960502704e+01 1.082895085323196227e+01
1.018188067954627485e+01 8.726738791947784790e+00
1.544321382212353022e+01 1.754976072565662903e+01
1.149825661403679078e+01 1.545295336168716460e+01
1.147748485210152936e+01 1.396474089539002073e+01
3.329891348520740646e+00 9.847452955756613946e+00
7.187387984867656066e+00 1.199580309640874098e+01
2.114377746999427643e+01 1.411452563292502305e+01
9.860456905179313836e+00 1.444977957953935110e+01
1.203378954949792856e+01 1.246067658457602612e+01
6.521112671766038815e+00 1.345971883275149672e+01
1.763572269417820593e+01 1.424767175290210375e+01
1.649303680772407787e+01 1.464743374128385867e+01
8.405401024359003159e+00 1.363756945448219859e+01
3.009639088764842541e+01 1.148883328899205125e+01
1.178214642036109261e+01 1.406288110516423195e+01
1.118948963573539324e+01 1.298677299089665205e+01
1.815700132834611935e+01 1.547680097821834977e+01
1.759535566037020615e+01 8.948362452999806038e+00
2.651643773923937175e+01 1.436650646825076194e+01
3.867422518875770265e+01 1.417871891458146472e+01
2.702022775067720772e+01 2.051984018712652258e+01
2.354687579866055813e+01 1.337248526050627362e+01
1.491076087305747500e+01 1.390351639159535502e+01
1.317726655844238337e+01 1.510708926895400239e+01
2.315193974296229484e+01 1.273849871414685531e+01
2.729451850333394702e+01 1.169253896127075087e+01
4.112655031047103193e+01 1.133075377975157494e+01
1.851666093229795962e+01 1.076718765914687381e+01
1.795930664859231385e+01 1.481561037157595884e+01
1.716243617669163868e+01 1.477998938581454702e+01
2.550531122235394221e+01 1.342950493558601721e+01
1.045779500353028091e+01 1.401195647306722414e+01
2.398930079239550395e+01 1.275900940343897005e+01
7.726779814669088253e+00 1.256203658818848368e+01
1.703379838416961789e+01 1.229266797443048453e+01
2.296253602097464608e+01 1.371753299547685323e+01
9.618799221917308628e+00 1.310788548800928588e+01
2.370382715505860816e+01 1.328082226554037071e+01
2.169964521044905581e+01 1.272186162034207690e+01
1.065111861422951556e+01 9.483439488149681296e+00
1.500942474365947099e+01 1.450184955159958733e+01
1.308951092860169751e+01 1.307177515675687474e+01
4.453902403269511723e+01 1.399448378377363511e+01
2.464771142950243998e+01 1.483821189084634895e+01
1.100236971732818070e+01 1.651688752263348192e+01
1.383472655670047935e+01 1.409250424984994687e+01
2.493913946548829230e+01 1.423831313319789871e+01
2.223178751012117615e+01 1.927581367681990798e+01
2.098464859130693227e+01 9.915802537534878169e+00
1.090423224297390803e+01 1.076643564723447888e+01
8.423855160438399992e+00 1.282991538962216538e+01
1.948439453718019365e+01 1.615542119359439610e+01
9.034482849004495719e+00 1.114712521118015509e+01
1.004724414322173232e+01 9.291104998344946964e+00
2.449545270815632492e+01 1.719587646475226705e+01
2.185544571423528382e+01 1.640990170718418639e+01
-1.001376413973967372e+00 1.306958011387779273e+01
5.772379430242177811e+00 1.339816474628371701e+01
8.304171117295066296e+00 1.123026160513137128e+01
3.819013772882654312e+00 9.976519931305640299e+00
1.280110354751413482e+01 1.377348044621226464e+01
2.976531878404152920e+01 1.725291989144293581e+01
1.712141679865547772e+01 1.396163508708901979e+01
2.650099669605216945e+01 1.108915440665724539e+01
1.389874936736959476e+01 1.237059916010753646e+01
2.912337551881987707e+01 1.533431910834219991e+01
1.322550739990458801e+00 1.458172399759572890e+01
2.943297967770908841e+01 1.542555443458009989e+01
1.664132891532937819e+01 1.514404176449197337e+01
2.598376840820577627e+01 1.159041089776955857e+01
3.120769989872674799e+01 1.578762986927255518e+01
1.135029521897737936e+01 1.140421080035589085e+01
-1.866485034764043593e+00 1.093869004409964241e+01
1.676976698083349815e+00 1.257279139682204772e+01
2.753237592836951464e+01 1.552337524581491124e+01
1.040253567411751412e+01 1.187551662976534850e+01
2.962459888228819338e+01 1.299427185963232745e+01
2.802679271172053532e+01 1.027687331623859635e+01
8.853486315300139964e+00 8.223815981540036901e+00
2.077112627939492384e+01 1.814884722564767472e+01
2.536751123966539012e+00 1.297091132984551543e+01
2.073892467835282005e+01 1.470090096701335192e+01
1.942950578237485004e+01 1.729226670570294289e+01
3.766493881746946659e+00 1.268581136172772972e+01
2.846678817116981364e+01 1.427397014240602147e+01
2.187210244553087435e+01 1.086773728388464733e+01
1.935249975613297480e+01 1.241077689212516511e+01
2.262044941217945393e+01 1.499899485590453452e+01
1.988824111177774512e+01 1.773357432843646109e+01
1.091143735366427947e+01 1.074367701211005688e+01
1.373413683255833107e+01 1.261638908842279072e+01
1.951844082551998483e+01 1.337532566137386070e+01
-6.715801892638478821e-01 1.613271827076868803e+01
1.204002933719823787e+01 1.538649131722331020e+01
2.658490498766258092e+00 1.043135630605019415e+01
2.817710351362877574e+01 1.037443769488560008e+01
2.428621870449154585e+01 1.499174426432444740e+01
1.751823849969536440e+01 1.610506730888941718e+01
9.803804847702654257e+00 1.184666539465198909e+01
