4.457067418692292904e+01 1.995799508046123094e+01
1.046948455053675531e+01 1.421997193263995030e+01
4.146020809094772375e+01 1.523213000264714800e+01
2.724878142670025127e+01 1.689297364529462797e+01
2.576898322550983167e+01 1.820472549375941895e+01
1.554787029082984873e+01 1.730327267463785290e+01
3.327724265798474335e+01 1.635726967810811061e+01
2.249182113193177202e+01 1.402683946299645790e+01
3.604748196159496132e+01 1.753018813161673606e+01
3.524942804308599875e+01 1.457231720822641741e+01
1.987029750267745598e+01 2.000394755791338142e+01
4.705814407056971760e+01 1.450738599891752934e+01
2.911870281541486705e+01 1.713920690913753120e+01
3.242615550813098935e+01 1.861724082009608949e+01
3.114261498807031359e+01 2.013691900835186033e+01
3.349981777078880185e+01 1.510790048450295231e+01
1.914587616667101244e+01 1.740425141946337106e+01
2.315986333771301631e+01 1.616216286449859041e+01
2.757319316886163563e+01 1.739202002605239628e+01
1.587647242213039789e+01 1.500703356868651106e+01
2.749377547435881652e+01 1.931406428193350422e+01
1.962578121438183487e+01 1.983384786276698719e+01
3.556907753018854379e+01 1.887086302597690590e+01
3.447725017124197677e+01 1.394829084361593452e+01
3.079473986315491985e+01 1.580501062333546791e+01
3.887990941179287319e+01 1.650756775091937101e+01
2.097717302852835886e+01 2.092013446992888248e+01
3.824622896758783952e+01 1.843971901699621085e+01
3.456545280936740738e+01 2.246163211365238865e+01
4.580778607444230488e+01 1.993761116635118213e+01
2.672816964324936961e+01 1.555720608276778272e+01
4.110776236024581465e+01 1.756349173086627147e+01
2.735926881520224896e+01 1.785301204821102061e+01
2.652584473611869598e+01 1.696286946661357220e+01
1.822451901581383282e+01 1.932448666751730926e+01
1.360974115928380357e+01 1.720456700288804441e+01
1.673293041336938458e+01 1.598419233685639007e+01
3.265182323738870451e+01 1.814534434234852256e+01
2.815743787207440363e+01 1.865677588515267615e+01
4.430790798877502823e+01 1.845193478821108712e+01
4.098618660225753985e+01 1.303163368521537890e+01
2.990220092537649776e+01 1.697221369231921528e+01
1.183529319190704321e+01 1.479688213198335411e+01
1.105439493601587841e+01 1.368107482891974769e+01
3.528051225842441596e+01 2.207075628592204808e+01
2.656854648837810373e+01 2.034922133245927611e+01
3.458985792857897223e+01 1.852492198423160374e+01
4.616634963736174058e+01 2.010641538887010071e+01
3.999946060660158764e+01 1.983549964665000331e+01
2.537871551875054266e+01 1.749328682617188591e+01
4.807972877886661678e+01 1.973230182493665197e+01
4.152323317431885386e+01 1.410410232523308771e+01
2.918285269190160847e+01 1.657891404950016678e+01
3.583870917487371344e+01 1.874122714667731415e+01
2.850709474475118910e+01 1.571830011799142568e+01
3.255872344493842974e+01 1.469445872967046185e+01
3.359946638645666184e+01 1.445323845311675193e+01
3.715245438980702630e+01 1.754906645299065815e+01
3.933639098447279281e+01 1.986473821203092527e+01
3.733912808267527339e+01 1.863955542525676989e+01
2.742430261743574960e+01 1.841415057429146529e+01
3.907560684039381282e+00 1.725446045262004802e+01
1.884376441706999472e+01 1.559967173891508985e+01
2.274393487818126403e+01 1.434301631311779879e+01
3.590815419495108074e+00 1.555086085025165765e+01
3.026154797156200615e+01 1.612699122942331798e+01
1.903880866197184929e+01 1.861432043689242732e+01
2.800449902278382197e+01 1.946006905725158376e+01
3.409745988732228739e+01 1.342866668204485237e+01
2.451322326869926371e+01 1.499089822751483680e+01
3.183838798807114401e+01 2.031614486476716053e+01
3.058001239791227732e+01 2.369707306173117090e+01
3.871182157108504640e+01 1.514084172810306761e+01
4.242936560859197925e+01 1.762834200088893866e+01
1.369168427854165770e+01 1.657038076479365074e+01
2.161397192992587435e+01 1.465789706699567851e+01
2.190053420750363955e+01 1.843631532720525001e+01
2.957516828025854139e+01 1.872957422757649582e+01
2.239036557338376099e+01 1.767785060700955668e+01
3.008727713036037699e+01 2.004997924406939802e+01
4.558628396070551503e+01 1.784745322088785358e+01
1.579819319788411036e+01 1.538225298786838202e+01
1.677832547529736473e+01 1.940722489161098707e+01
1.271333339978495580e+01 1.873816864774895663e+01
3.374081948180803181e+01 1.921938054657036687e+01
3.667806508988411451e+01 1.623349763096646470e+01
1.516010396010218741e+01 1.391356856615071003e+01
2.326456524227129918e+01 1.882317217630903272e+01
2.380331649655345672e+01 1.650495399096095284e+01
3.866518536441736131e+01 1.703227484250579238e+01
2.855368234571535169e+01 1.671921418127342918e+01
2.808866177272700426e+01 1.710017101379624904e+01
3.544751824663371309e+01 1.718511174893380300e+01
1.827816540370452714e+01 2.101219943766774989e+01
1.212696939088614023e+01 1.599204951161683574e+01
2.329404291862359955e+01 1.806598279763624149e+01
3.223655920193694868e+01 2.083424556243693004e+01
3.558271181001036609e+01 1.703471578462604086e+01
3.974055821466895821e+01 1.887543014024678811e+01
2.722553869285022543e+01 1.960426521114197485e+01
