9.747391805017770139e+01 3.803604131788407727e+01
1.374544851359359825e+02 3.621699774664525506e+01
1.097721559833704674e+02 3.558042282748842666e+01
1.459158628157700832e+02 3.426195318453959970e+01
1.080627012440821915e+02 3.468547989892189065e+01
1.419694353140735075e+02 4.099337669164951592e+01
1.825632048908630338e+02 4.244047408895437457e+01
1.732034694103319907e+02 3.802748249510150913e+01
1.121023215140840250e+02 4.064553515557270202e+01
1.370135306683040142e+02 4.234470132942060872e+01
1.466761677196633400e+02 3.375165061169641234e+01
1.621783432927718422e+02 3.503587080166860801e+01
1.342521049539685123e+02 3.470270275077384525e+01
1.221928936410322564e+02 4.178123375853526511e+01
1.241392187670877263e+02 3.782501637333835731e+01
1.104600616004355516e+02 3.061922554946175268e+01
1.251661703982217233e+02 3.318331664175629925e+01
1.063003815670682570e+02 3.404447048415539712e+01
1.492955222369746195e+02 3.719099988313796246e+01
1.596258296531540850e+02 3.870364041689963841e+01
1.256297162935011755e+02 3.848047138492302821e+01
1.277608430041371861e+02 3.804960561047161605e+01
1.677999886773648086e+02 3.666394027258223787e+01
1.269414747649772153e+02 3.668192110626564784e+01
1.096485991425750086e+02 3.525861885058244383e+01
1.364320959701665572e+02 3.798372984693175169e+01
1.290713572743057398e+02 3.739344707889357267e+01
1.087413249138434850e+02 3.846830284581759685e+01
1.105116195449190144e+02 3.406943306284350825e+01
1.209458549783501553e+02 4.108091559106806301e+01
1.144875948446617429e+02 3.516183312860407995e+01
1.636856822608275195e+02 4.163301198821799431e+01
1.231875490349769819e+02 3.812813384594915789e+01
1.439146742747333008e+02 3.739136962674319165e+01
1.370309858519054842e+02 3.964353103957140689e+01
1.404688412915088520e+02 3.655252152727969417e+01
1.494573848804882630e+02 4.034131831029946369e+01
1.509342532897250635e+02 4.045122480877670768e+01
1.406592345476207129e+02 3.567816587338868572e+01
1.221180137528183849e+02 3.278472359009846571e+01
1.414115164841296917e+02 3.847850938430437395e+01
1.306807777132108583e+02 3.935388154837733765e+01
1.384132477803358086e+02 4.201263079676049017e+01
8.721208597242298310e+01 3.716853200039046357e+01
1.632728598249999266e+02 3.900488458886965049e+01
1.097701596644349848e+02 3.450271191619248867e+01
1.104394887143478030e+02 3.701543802838849473e+01
1.496913053392084407e+02 3.741124498081234862e+01
1.237835092166626794e+02 3.602216191272285783e+01
1.071899081608282813e+02 3.574672100870344593e+01
1.574695938607712833e+02 3.778673288642154660e+01
6.916022234482707631e+01 3.487201361086675178e+01
1.470035047369644019e+02 3.972194996342604156e+01
1.215216957923589263e+02 3.225018357418290549e+01
1.097080510646099043e+02 3.903455014676205082e+01
1.253092366853038016e+02 4.137053989102810192e+01
6.535834672127597855e+01 3.875405361830020468e+01
1.177876191836497526e+02 3.828820814523446359e+01
1.777222548639692548e+02 3.960005466425101162e+01
1.738022296964914233e+02 3.794069476224447612e+01
1.398888700083081176e+02 4.049395691683026399e+01
1.318888294935100589e+02 3.838949154139313436e+01
9.061354261167366531e+01 3.614359454297934349e+01
1.523946933905440915e+02 3.670500066761425018e+01
1.342197193639227635e+02 3.731123113321310569e+01
1.228217758380167197e+02 3.769998714675664786e+01
1.327556519908691257e+02 3.662390839835073564e+01
1.400970461464661980e+02 3.679861861161018055e+01
1.607008455146568906e+02 3.879963642288996084e+01
1.215521299164940672e+02 3.488688650621785570e+01
1.174730342810425725e+02 3.568752497828828041e+01
1.481051298625361312e+02 3.865302754836273635e+01
1.344722306559349363e+02 3.949706310746141469e+01
1.477176787379963798e+02 3.782711528473726759e+01
1.379215617304427042e+02 3.598692264175367228e+01
1.321730150234130576e+02 3.795216420740415231e+01
1.335371386483328990e+02 3.292496357059692258e+01
1.058974182854368991e+02 3.716610608915116387e+01
1.569467811540237960e+02 3.637924817949354406e+01
1.394969273122299853e+02 3.888377151022405798e+01
1.466713569232327075e+02 3.460724306479078649e+01
9.932823625192206407e+01 3.629922653533886034e+01
9.868956891796867126e+01 3.671123504963340167e+01
1.544303129360654054e+02 4.019350572867050886e+01
1.478990374676609747e+02 3.624747820545550070e+01
1.286743125692908052e+02 3.742478888104969315e+01
1.568722460784808845e+02 3.903360321924800047e+01
1.319889970734823805e+02 3.683410949027332038e+01
1.400830443977957032e+02 4.047572493425206375e+01
1.340159019014892863e+02 3.799117589597842226e+01
1.368423390544161293e+02 4.048781277884998531e+01
1.415805684356060681e+02 3.539137684996768485e+01
1.116909900554904880e+02 3.694472988451693141e+01
1.388909190132258686e+02 3.429066527463749736e+01
1.122755449203353777e+02 3.855664810909509299e+01
1.540415976493960386e+02 3.670427513057105529e+01
1.275831544523933729e+02 3.790282217537718168e+01
1.005380742442210504e+02 3.790939295778103713e+01
1.335392912931843057e+02 3.692176259754150180e+01
1.165602308412897656e+02 3.822027457593154054e+01
