9.083763266575090256e+01 3.280961573692997035e+01
1.224053774393412937e+02 3.819765267751940030e+01
1.367298403860623921e+02 3.309227849452596359e+01
1.269181808152771254e+02 3.179919711422377659e+01
1.237705740230823181e+02 3.664077605572632024e+01
1.267849191017744062e+02 3.816086814669723992e+01
8.612778912631485184e+01 3.622118950582662222e+01
1.265363798590597213e+02 3.333335013106954392e+01
1.135280053859396787e+02 3.456739344608408260e+01
7.150583845091236412e+01 3.228417547356331596e+01
1.007651574956984319e+02 3.425362354860070013e+01
1.535429828621591071e+02 4.210404830219627570e+01
1.279545625167336595e+02 3.582725192804258540e+01
1.199326994037307372e+02 3.522554514310397167e+01
1.228105252637007254e+02 3.549170461467585369e+01
1.125860854420339479e+02 4.019836127637249490e+01
1.469406430566748156e+02 3.562611741709670810e+01
1.257294114929442799e+02 3.481453708201019026e+01
1.285253577450633600e+02 3.579642678034525005e+01
1.382362509876795968e+02 3.504927819093730079e+01
1.341768921614520593e+02 3.564323116411211601e+01
1.114190567809529142e+02 3.578295693069654959e+01
1.163413283505612270e+02 3.213901517932664120e+01
1.218155894780578592e+02 3.184741482195303774e+01
1.350645732301381656e+02 3.537675354682585294e+01
1.475564497356856748e+02 3.666113246100889711e+01
1.180385079996679707e+02 3.857197645831205790e+01
1.178222105815145255e+02 3.451263361510350336e+01
1.170053588728593468e+02 3.845621667203005245e+01
9.989710574882103344e+01 3.032610573337120741e+01
8.166702223721044618e+01 3.544458775014285123e+01
1.357132903712740131e+02 3.703638211543219683e+01
1.304938694036431741e+02 3.407584238053985359e+01
9.207338223538924638e+01 3.473683073255318732e+01
8.712455575595987511e+01 3.489121312303453237e+01
1.179000054685772199e+02 3.810811642692703316e+01
8.928152640708341892e+01 3.515288193253561388e+01
1.316194673510173914e+02 3.611776926573097057e+01
1.484740256907680873e+02 3.398845870297923710e+01
1.075345424743438087e+02 3.808941499765920469e+01
1.524122714130687086e+02 4.036373914475053937e+01
8.663674921389859662e+01 3.034396154999546269e+01
1.030458341410820253e+02 3.550483169599505118e+01
9.485075653538189044e+01 3.525486921813789820e+01
1.157600183087951535e+02 3.438458526124630055e+01
1.165509138415742143e+02 3.815065372234763430e+01
1.014289973354518537e+02 3.452086579300527802e+01
1.414564915111898813e+02 3.752807045700470923e+01
1.053662869043172634e+02 3.413065253115973974e+01
1.168229779017452330e+02 3.527150875519699724e+01
1.199800082432812331e+02 3.346674534766537334e+01
1.168074798902836164e+02 3.946904161859136906e+01
1.076629438216121457e+02 3.952099422649982330e+01
9.185509786315240888e+01 3.543318529738471057e+01
1.212539448212372548e+02 3.799016016969312659e+01
1.248255042114021762e+02 3.945099989277789376e+01
1.182085645475738147e+02 3.463763845401955876e+01
1.177820110068420831e+02 3.039969721836560623e+01
1.276546106679730173e+02 3.568188069676986629e+01
1.209814238673274929e+02 3.622579530862044095e+01
1.582832967756510243e+02 4.010773385811945246e+01
1.295903308935536700e+02 3.428231487973932445e+01
1.028858006349780254e+02 3.786416121249934008e+01
1.353191095161874387e+02 3.421290597482842344e+01
1.074403185376818328e+02 3.297422377701515472e+01
1.240315026435989694e+02 3.796553285620118601e+01
1.008843968685733898e+02 3.613871736827827164e+01
1.482237564267092580e+02 3.659537091148050791e+01
1.389990087721271834e+02 3.536562670117714902e+01
1.142642091370290842e+02 3.396550297736447277e+01
1.060932542388203075e+02 3.485226480729183862e+01
1.304620475384959377e+02 3.275955584434218792e+01
1.089518132015121239e+02 3.693282594977036837e+01
1.269398455629288236e+02 3.809644067960444858e+01
1.209623722000449391e+02 3.315572562009506186e+01
9.637455335172819559e+01 3.501792491889546710e+01
1.310135383554712689e+02 3.759759517181872468e+01
1.064501623064373348e+02 3.579404783997753015e+01
1.610312368445996754e+02 3.492195047442130118e+01
8.713945623710803545e+01 2.999959783907438293e+01
1.177659111009785704e+02 3.726634741763784575e+01
1.471246671164307145e+02 3.624721815587979279e+01
9.825167402986831178e+01 3.725883076961243745e+01
9.353545905034903285e+01 3.208674930458010266e+01
1.080595138952832599e+02 3.726986297802872627e+01
9.978672912290490160e+01 3.061590283706616944e+01
9.388603710332267838e+01 3.537003524809172461e+01
1.022646627040307266e+02 3.759497087758538214e+01
1.401092134696544917e+02 3.499377154853199556e+01
1.105618919151620219e+02 3.006958878450766548e+01
9.453623963920315987e+01 3.532242254226483169e+01
1.489318280185175638e+02 3.431142445672702479e+01
1.338440858094351427e+02 3.441872330734123153e+01
1.539674088371382084e+02 3.491133797401972316e+01
1.527702850578125435e+02 4.271400254394576024e+01
1.156416918795226678e+02 3.156533400137400136e+01
1.179526846349369436e+02 3.372228396934585959e+01
1.165464553557510214e+02 3.436040527994516225e+01
1.156218284174844655e+02 3.571946104861140725e+01
8.987712177618476517e+01 3.523920903407628202e+01
