1.548006644177375222e+02 4.097270380388803801e+01
1.572062055688010105e+02 3.983790168196966874e+01
1.334852591777545285e+02 4.022171773522288873e+01
1.665938947518152702e+02 3.891772454688420169e+01
1.696855629099349585e+02 4.152470182226154094e+01
1.610250193815725481e+02 3.543559247137002188e+01
1.304065197143999342e+02 3.868166698867963760e+01
1.429968974180798682e+02 3.763323467144483914e+01
1.243185269687161991e+02 3.709726901499060148e+01
1.463482862349437710e+02 3.414411771146156127e+01
8.875448364243356991e+01 3.556089722388392715e+01
1.301817032871281583e+02 3.747899820299367235e+01
1.080926498456515787e+02 4.022165916620881632e+01
1.414649522880488632e+02 4.175368951344101731e+01
1.400916750947895650e+02 3.926249463341034840e+01
1.124819072475924173e+02 3.575521703634339588e+01
1.382216790783634792e+02 3.925731281405939654e+01
9.006557199476691267e+01 3.923098039253709857e+01
1.246537082370300311e+02 3.721789019833534695e+01
1.049198273480041905e+02 3.651151032917878325e+01
1.016728908192213225e+02 3.605948305097703610e+01
1.461911812905533736e+02 3.735559863319405594e+01
1.618527774280059646e+02 3.823105088283320185e+01
1.253894368779404260e+02 3.525607153967424523e+01
1.385140821762573182e+02 3.347207801456085718e+01
1.346393338125218122e+02 4.061088821552753103e+01
1.722856560123850898e+02 4.181539775642141166e+01
1.233066903655203532e+02 3.512692526518436864e+01
1.198748081341439615e+02 4.063503307478658400e+01
1.370877070843741876e+02 3.904933643837208734e+01
1.570242035688686144e+02 4.016955549520086777e+01
1.255989972624036284e+02 3.662273405026895290e+01
1.179840923081409443e+02 3.758799096010729102e+01
1.697623122584703026e+02 3.925299180441741953e+01
1.269825865836374419e+02 3.669316423825684126e+01
1.532606642280877622e+02 3.780561698723344932e+01
1.402580995268921242e+02 3.725532467039501228e+01
1.156932467420763118e+02 3.739320279792851665e+01
1.351576460958290511e+02 3.543618383277594575e+01
1.255391028974803334e+02 3.621065663485773456e+01
1.213078911443919452e+02 3.739522308026657527e+01
1.200373507710774845e+02 3.786138302204174977e+01
1.895993811646011693e+02 3.922629169650119252e+01
1.519639239111936604e+02 4.067064049692946526e+01
1.324572983550980609e+02 3.850259305112371067e+01
1.320892593354928977e+02 3.777132195019815697e+01
1.487671678981031675e+02 3.782623267032850123e+01
1.457407649905548510e+02 3.207095704818773640e+01
1.463205483463593168e+02 3.782785654149395071e+01
1.670708826822785227e+02 4.165118493608681405e+01
1.409299879201267061e+02 3.771688942292220759e+01
1.064096688683832497e+02 4.308266665869961543e+01
1.799830597158889702e+02 3.875082856197948900e+01
1.506703813013081970e+02 3.903751825653159102e+01
1.261644406076868989e+02 3.764639912422296675e+01
1.085953300859019350e+02 3.757984673965067657e+01
1.604910785860581370e+02 3.984606102659516580e+01
1.359528728323828943e+02 4.214208019612213008e+01
1.523293158933279869e+02 4.063863673036311752e+01
1.363201880904877612e+02 4.146108427666802498e+01
1.161915921910703133e+02 3.559657317365905982e+01
1.597046048000286476e+02 3.743614305933809305e+01
1.149848302101607374e+02 3.954737737188651181e+01
1.278418621654014800e+02 4.202125978900618009e+01
1.325629572671798826e+02 3.951329594231575726e+01
1.105060191604909221e+02 3.707134332433381729e+01
1.572593188275498335e+02 3.876889764881758538e+01
1.608881955453816204e+02 4.035602224976171470e+01
1.710402057345831963e+02 3.966783336774837920e+01
1.398106872415033024e+02 4.125347896942194836e+01
1.011005396812102788e+02 3.980214124723244851e+01
1.162297517872443819e+02 3.765149630910875800e+01
1.795079212518728298e+02 3.724640273170638949e+01
1.473672749661618013e+02 3.513738958415526525e+01
1.267136670131143887e+02 3.225278276722294635e+01
1.256240107992328916e+02 3.300824596579023762e+01
1.013799234661820066e+02 3.858327399860640838e+01
1.703171155332023829e+02 4.042221527591681252e+01
1.464514133181354225e+02 4.077331341020521904e+01
1.594167599179565400e+02 4.039230872145317619e+01
1.478202736152088335e+02 3.819472923563946409e+01
1.303046067476050780e+02 4.099569869915487885e+01
1.163373650415181118e+02 3.498981534420105532e+01
1.582511562258754623e+02 3.804488754156916031e+01
1.379273175879523308e+02 3.966661366372667175e+01
1.327931031703286919e+02 3.885786126069216806e+01
1.229209271489971798e+02 3.982471572788101355e+01
1.222887406286299239e+02 4.023477493949757644e+01
1.527478039249928088e+02 3.857540336649512369e+01
1.497968559507131943e+02 4.378933405341216911e+01
1.200668028634328408e+02 3.896138734150388672e+01
1.611950882221777022e+02 4.204603204482685186e+01
1.098596507962808744e+02 3.752339765681946915e+01
1.693348013580344968e+02 3.829601739676112970e+01
1.374815656750127459e+02 4.689688129969314900e+01
1.140169873587829557e+02 3.427506607118296955e+01
1.589993291294692028e+02 3.808506846188568318e+01
1.595348024584948519e+02 3.773908657307280379e+01
1.609206734922305202e+02 4.687924844289211990e+01
1.696037406525184394e+02 3.842500745643302196e+01
