5.876418788739619714e+01 2.911429870722777835e+01
1.385715406379569572e+02 3.518535357024719445e+01
1.160629367159414045e+02 3.701746265668238323e+01
1.307684502939405888e+02 3.366804736345064697e+01
1.202486940695165174e+02 3.447264026246772062e+01
9.823870967824046829e+01 3.416997877182075172e+01
1.166345307096323012e+02 3.518593261943947681e+01
1.696333049928188927e+02 3.944085432350340881e+01
1.065126574897275731e+02 3.386122944544170110e+01
1.364474113812633220e+02 3.559153353295074851e+01
1.274502289323449418e+02 3.601847089340348873e+01
1.399597951560110118e+02 3.770249386574293737e+01
1.286649083299550114e+02 3.513825904219755358e+01
1.170303555146061285e+02 3.113536567453166626e+01
9.658159549909164809e+01 3.377751267129508506e+01
8.773891395077332334e+01 3.386204417104790565e+01
9.141180282063065476e+01 4.141513643898970543e+01
9.747659522080537897e+01 3.409731203182263215e+01
1.368982844122717779e+02 3.440165350262217459e+01
7.565899685963904631e+01 3.167403801120248019e+01
6.733576066158180140e+01 3.314204939342616996e+01
9.170856428140358219e+01 3.743516753938111918e+01
8.257131722435586596e+01 3.380685494355024190e+01
1.193690538972565918e+02 3.248617714504349152e+01
1.347074425286031385e+02 3.636957507407130663e+01
1.112835555430006877e+02 3.716495396736303292e+01
1.146766166351796414e+02 3.664993134568342725e+01
1.259210854753017230e+02 3.324389610218297975e+01
9.850027394243801382e+01 3.050649535108385635e+01
1.054348096824672325e+02 2.917568001098275943e+01
1.132341925018403685e+02 3.555798150195756335e+01
1.504232674707754427e+02 3.480403967645407448e+01
1.065876318573873789e+02 3.320500227414560612e+01
9.259679901957733250e+01 2.971729524014849844e+01
1.309919531698185153e+02 3.130865558831434825e+01
1.057460615161436550e+02 3.151326872672412804e+01
1.319910323965637815e+02 3.452524549522549790e+01
1.019182840109698276e+02 3.166318214289967159e+01
1.082140479762563956e+02 3.273278256874038306e+01
1.046451092476768423e+02 3.227709791189329280e+01
1.165918213009233284e+02 3.742100960488270545e+01
1.348527979722560417e+02 3.196356663929511654e+01
1.192394722053131062e+02 3.221099435747097317e+01
9.231856944755928396e+01 3.160412437290942478e+01
1.074416205053658047e+02 3.467696778367358235e+01
9.838900594892385243e+01 3.668897923296887598e+01
1.031115951924633691e+02 3.051553854042532876e+01
1.000759599251960594e+02 3.338660824325259568e+01
9.611293641094125917e+01 3.050793174318575041e+01
9.031398618174523563e+01 3.246726005702282691e+01
9.949025246463118322e+01 3.183489442764409461e+01
1.161246706045938168e+02 3.461536644188158363e+01
1.050895420688624995e+02 3.305958715477291321e+01
1.144210134592449748e+02 3.402924746674460721e+01
1.068114625588837612e+02 3.616240753675561592e+01
1.444657735744219451e+02 3.541787103115007795e+01
1.162696968335091867e+02 3.406075976306161124e+01
1.419522026199813354e+02 3.619437323434635090e+01
9.554618044738124638e+01 3.378004813371737214e+01
1.126762943638860293e+02 2.967783298390936153e+01
1.007137737920554770e+02 3.212495009852441541e+01
8.040230503023467179e+01 2.983220823468998972e+01
9.295283344694502148e+01 3.485620430350350318e+01
9.905414692604453819e+01 3.490512642257972686e+01
1.217926992050037711e+02 3.137645177244009531e+01
1.278522818227018263e+02 3.019401918576276955e+01
8.740427273537767405e+01 3.332196755623247952e+01
1.535854831054368788e+02 3.355984485924564353e+01
1.130718250307593564e+02 4.027919537355033697e+01
1.387180918192907484e+02 3.549137261869761772e+01
1.192481458919947670e+02 3.275888342729765412e+01
1.376443784532097823e+02 3.830938916879853906e+01
1.484719248574528478e+02 3.364459007820072856e+01
1.077696367182413866e+02 3.471036797870173274e+01
1.269041711595422584e+02 3.382669554989943350e+01
1.047803788865285242e+02 3.445958411438257940e+01
1.094612234556027630e+02 3.193821413476572602e+01
1.074200165531118216e+02 3.508647704370586951e+01
1.115484741695573092e+02 3.432498991943079858e+01
1.071512939019869606e+02 3.356242113273343364e+01
9.927254345308887196e+01 2.959784288513811745e+01
1.166803740878274027e+02 3.177829671416747104e+01
1.351693512209673997e+02 3.650493641531235767e+01
1.237977818294592680e+02 3.752280771210028121e+01
1.053795303116400675e+02 3.513425903932393624e+01
1.135746766275175332e+02 3.789547226835330918e+01
1.174469781573152147e+02 3.595611680204036986e+01
1.221473801110417838e+02 3.243383497338869859e+01
1.240666488244624617e+02 3.469221575291053483e+01
1.021558927638427292e+02 3.574874527646964850e+01
1.173493263202055346e+02 3.201655531924191678e+01
1.107954192084616096e+02 3.630889956394322127e+01
1.137560725444068908e+02 3.981742568819831973e+01
8.904110042014113446e+01 3.083204331686978961e+01
8.184050567701883949e+01 3.346188516466917662e+01
1.200711332595504359e+02 3.688737017157585996e+01
1.313383000433762504e+02 3.330368073323438693e+01
9.972256174775860416e+01 3.564757130146116992e+01
9.753271479205318428e+01 3.402380064290641570e+01
9.414117982998126877e+01 3.266081480975881135e+01
