4.340766978553880762e+01 2.861005088538871632e+01
5.589118607072193612e+01 2.487363653865599389e+01
4.505878256586466790e+01 2.842459693857214020e+01
5.837099768177311887e+01 3.078199537909490147e+01
8.376201020845745404e+01 2.761560607966039171e+01
5.293017868696722417e+01 2.549067240469983986e+01
7.817875086771469739e+01 2.751180635594285206e+01
4.533455919539465384e+01 2.536959862439440272e+01
6.745635792728573676e+01 3.157380451803027555e+01
6.674116864485722544e+01 2.477447545287052577e+01
7.683806512128414568e+01 2.995506681161396045e+01
6.656320590392125780e+01 2.641072260365342927e+01
5.000543025206231107e+01 2.717362347436268166e+01
5.967180146051816081e+01 2.661916893087023084e+01
6.579033408038115738e+01 2.937381078388838063e+01
5.535664201387491801e+01 2.392411335017506602e+01
6.666267017563959030e+01 3.104280641444299960e+01
9.647462382488669164e+01 3.185020110942372895e+01
7.068794158710230136e+01 2.892832462256356152e+01
7.813332287394942455e+01 3.116705558229306661e+01
6.450781390176368291e+01 3.405505030748405915e+01
7.097693460124474996e+01 2.513890150938734180e+01
9.214273050126030284e+01 3.139402234930741997e+01
5.214277518061668104e+01 2.518233716664256150e+01
7.042342808070026194e+01 2.912902795768509989e+01
7.762355023744635218e+01 3.109768620950745444e+01
5.235106453965454421e+01 2.752582976785928537e+01
5.167626007542076394e+01 2.597236356154524728e+01
4.833300834192617401e+01 2.390734604957878773e+01
7.230783774654115348e+01 2.603934701907927618e+01
7.879905240358515073e+01 2.747573350619118315e+01
6.021989288294543741e+01 2.659746855412233302e+01
8.934243778741333131e+01 2.763710141878480897e+01
8.817585393562141860e+01 2.602099966755692506e+01
9.701249842349834296e+01 2.994959604464091285e+01
7.360489553538415919e+01 2.594499220358654767e+01
8.860723488867222386e+01 2.954913479362572559e+01
4.620300026764159895e+01 2.827237876558923091e+01
1.018697506218827300e+02 2.980334421909193665e+01
4.340469200887301326e+01 3.236374580091205644e+01
6.185427329223217896e+01 2.628632606667394356e+01
8.325512496124206052e+01 2.419201105130918705e+01
6.951064759227851653e+01 2.629062701764507537e+01
7.552194330161809432e+01 2.790773920957579435e+01
4.380340303496604548e+01 2.768124374967514001e+01
8.112346650413296345e+01 2.661279307800902671e+01
4.776888060633060462e+01 2.767229341678926602e+01
8.979257265358812390e+01 3.022567948363112933e+01
4.913294904435351640e+01 3.081487868525785956e+01
6.536380822451069150e+01 2.629611550538442799e+01
8.413634381975103338e+01 2.698786124480301041e+01
6.584438913710860675e+01 2.984725380341644296e+01
5.201036770392577324e+01 2.492785498766100005e+01
7.861741092567618239e+01 2.915376363680133665e+01
8.741167699649767542e+01 2.769795480116023967e+01
7.298558486602716755e+01 2.982781575610641056e+01
6.091215490745688044e+01 2.629453944175078206e+01
5.138788376442196437e+01 2.462406248986239987e+01
5.693481036395934325e+01 2.736516843163694546e+01
7.206090662141080827e+01 3.017415243171540951e+01
5.717314396705580748e+01 2.865724903184361949e+01
7.073868328811097683e+01 2.569370553046708494e+01
4.014162140853197513e+01 2.718669333080088180e+01
9.692873766795473500e+01 2.706387515206604988e+01
7.935231495388676137e+01 3.017675753364111912e+01
5.723752671734640529e+01 2.688384825601060868e+01
7.571923916465372884e+01 2.689348984146619870e+01
7.508716813818048763e+01 2.658349918038963722e+01
4.616925979318087059e+01 3.142357124704040316e+01
8.217933356625195529e+01 2.541846417955982318e+01
6.902989624680273550e+01 2.796617910938586604e+01
7.192323703438022164e+01 3.133976468498483570e+01
7.825929143396429311e+01 2.787787519157535598e+01
7.027147782586442304e+01 2.458215004286974192e+01
6.662581318472406622e+01 2.843720905990919690e+01
6.087635984144081647e+01 2.806878844464407052e+01
7.971306515180754104e+01 2.693575010844026707e+01
7.809958912851691082e+01 2.646286011409097227e+01
9.212687157519572168e+01 2.932472224831290930e+01
5.765610420906916289e+01 3.447256304317762954e+01
7.921912296515326091e+01 3.110857993902898144e+01
8.263890826222336727e+01 2.851931492718104266e+01
8.291920773740322659e+01 3.141828222978250196e+01
5.738562068322153209e+01 2.909213106264979842e+01
6.308570714463203899e+01 2.716344419274641453e+01
8.758283865504610333e+01 2.841133402356036086e+01
7.889873692241687309e+01 2.738614192254585333e+01
5.451931640941850077e+01 2.404118202560910689e+01
4.997276917615581482e+01 2.566047517700967973e+01
9.698409739150115172e+01 2.987463976394955267e+01
8.419896856716454181e+01 2.847538111000860184e+01
6.788013366903989265e+01 2.529203561106370302e+01
5.808335467016565445e+01 2.892440727899419173e+01
4.247674835107524416e+01 2.402080203039134432e+01
9.316146558254540366e+01 2.894912450697762196e+01
8.173995375356498982e+01 3.084679766615915497e+01
8.137786862650825981e+01 2.609782555253208258e+01
8.216930499395660092e+01 2.889982267398991667e+01
3.497078430122036963e+01 2.572071985242052605e+01
7.555934351424279782e+01 2.856614648576397641e+01
