3.475030076876995366e+01 2.337465652487719936e+01
4.461359269552051643e+01 1.761370536171665080e+01
5.508112863192148723e+01 2.124375833621965626e+01
3.123985963291218582e+01 2.534189663595693531e+01
4.956874354018901130e+01 2.501785193526222528e+01
3.360035319606270576e+01 2.369301271595554681e+01
4.229877243834749834e+01 2.314497313869550865e+01
4.997986886847555610e+01 2.613105910749612804e+01
3.571486924495130211e+01 2.119666656709811647e+01
3.360139732327148465e+01 2.358393472080133080e+01
4.133192349866296667e+01 2.302625759938965189e+01
2.059595268449847794e+01 1.997241678071586080e+01
5.799265653144776422e+01 2.374578866846535874e+01
4.046129202360751975e+01 2.317647078715034681e+01
5.453443009352795912e+01 2.298660160421452048e+01
2.042829190314029830e+01 2.008277388087117288e+01
4.674220275177133033e+01 2.185270889468486288e+01
5.420372121468422932e+01 2.723922747716613557e+01
5.756774553722721777e+01 2.032670164541056934e+01
4.931406901926396813e+01 2.236181385670499822e+01
5.219933762728798854e+01 2.564335709109086991e+01
6.418385474145291880e+01 2.803136003219729133e+01
5.037767152917533764e+01 2.383512920436137961e+01
2.110396940773611973e+01 1.873248345352777378e+01
3.743705223121561687e+01 2.194379472887866456e+01
1.590477389653791640e+01 2.211809414655417783e+01
4.634410276180293664e+01 2.600801764754975665e+01
3.185360589880626492e+01 2.007086527624497663e+01
5.177032550631613361e+01 2.430447373725774440e+01
5.235245785679299502e+01 2.205999702225125247e+01
4.360872671673761403e+01 2.441072760885527515e+01
4.517457999719749751e+01 2.164598335018514064e+01
4.947702892905913075e+01 2.536604279114977700e+01
4.403805110935741851e+01 2.457342502745785140e+01
5.819574622878807446e+01 2.197842866079030344e+01
6.117560528533973496e+01 2.373407949481254064e+01
5.218889966615201814e+01 1.979006051973713198e+01
3.473212310333970976e+01 2.528523129645630618e+01
4.439640016673120471e+01 2.424027090217672153e+01
5.214772432558531534e+01 1.991861423461986647e+01
4.229942328313854460e+01 2.249694628877278646e+01
5.949599906186755760e+01 1.901352393858772061e+01
3.262015266741985897e+01 2.061368805417814443e+01
4.033450192849127802e+01 2.450527025661375191e+01
4.283173513775071228e+01 2.580958699781439236e+01
3.010437796594963800e+01 1.959153411933956690e+01
4.864058765891214620e+01 2.315325867890315692e+01
7.346252547189368443e+01 2.092016947335455157e+01
4.704888951406805830e+01 2.323239953469554919e+01
2.976334913600883425e+01 2.109213979651702076e+01
5.775045784058568188e+01 2.372745184857492973e+01
3.467610994690355852e+01 2.459948096698238373e+01
4.835448798702925188e+01 2.343073227191381491e+01
5.093032040745652722e+01 2.751210621383327748e+01
3.008433990249759660e+01 2.416447451784790346e+01
3.676541995531362517e+01 1.753487317282032265e+01
5.866671960322237567e+01 2.337848743823006359e+01
7.554069123570402944e+00 2.613861721911843716e+01
5.009543889353187041e+01 2.763482834650805131e+01
5.245348386972040089e+01 2.552231814958872747e+01
4.866802597066563152e+01 2.326099907956928448e+01
5.232565443054935628e+01 2.314530958513043757e+01
3.065614299186370317e+01 1.998608958365687727e+01
3.850898138811346172e+01 2.265922730584139799e+01
5.037194607446013350e+01 2.010252897412187423e+01
5.905621849747005569e+01 2.533135652277036698e+01
3.363678098189834031e+01 2.321618800094792689e+01
5.048212672362696907e+01 2.440681749604035033e+01
6.589580828698763071e+01 2.133177503721908508e+01
4.886947562572269987e+01 2.541215096756995351e+01
4.670192095970149637e+01 2.034106389564463768e+01
3.318148572386999007e+01 2.053357350492524702e+01
6.062080814856697941e+01 2.586171939532647457e+01
4.478230542156100569e+01 2.096638233630899961e+01
4.214692765260383567e+01 1.971222541330783429e+01
2.912869268879521911e+01 2.370547495266352911e+01
4.955899187347305457e+01 2.546614374081297782e+01
6.702877935014069521e+01 2.288447229313931075e+01
5.248657304766954468e+01 2.548836699132857575e+01
2.698854796860340244e+01 2.328443012971439430e+01
3.083043592704797575e+01 2.206475441156234396e+01
4.320034059183722519e+01 1.969969328255643504e+01
4.377003990538369749e+01 2.309651420811619360e+01
5.089357367975552648e+01 2.697587263439002925e+01
4.027502983268790615e+01 1.903999203925689088e+01
4.787698265300534928e+01 2.343489342001716125e+01
3.114298568120421251e+01 1.895429760939754971e+01
4.666153687713529052e+01 2.097322720080054381e+01
4.424860102503070181e+01 2.389886467417531080e+01
3.545408326308366043e+01 2.286537334096606600e+01
4.740358029149824404e+01 2.547281352269470744e+01
5.646481947633626675e+01 2.358155531788663595e+01
5.962320809405149191e+01 2.662153901334869133e+01
3.101817507039292110e+01 1.935335739158534807e+01
4.601706016567159452e+01 2.101911066176881704e+01
3.478748208351881743e+01 2.206507365008880939e+01
5.242326837374639581e+01 2.539228241952511311e+01
3.542862966390772783e+01 2.056986454686686372e+01
5.901162445441717352e+01 2.420147556082979534e+01
4.061956646856082642e+01 2.031572376030793947e+01
