9.458893064502652237e+01 3.759920197778706807e+01
1.463520902092820108e+02 4.354692456132778489e+01
1.404190257844732912e+02 4.124499335682796186e+01
2.123593053051000368e+02 4.413435334770753116e+01
1.531106150921335995e+02 3.761837367688524836e+01
1.198555943229613661e+02 3.467259080072852839e+01
1.485786904069865955e+02 3.988195473425146531e+01
1.576674185739075540e+02 4.005861974131732950e+01
1.159253635712120882e+02 3.791188583712076365e+01
1.414229253721155430e+02 4.171397630848004212e+01
1.607613071875837250e+02 4.274568072563810972e+01
1.569756172784511818e+02 3.976076244761463840e+01
1.384464206187111870e+02 3.960598242435005290e+01
1.322897999196850947e+02 4.158325329434474327e+01
1.360916618894704015e+02 3.631000830901957954e+01
1.859530842478476131e+02 4.284427470058381004e+01
1.887914467293404925e+02 3.915893376908454115e+01
1.746067677298378555e+02 4.469862431615676712e+01
1.527126838370253950e+02 4.162166375370158278e+01
1.505525537169143888e+02 3.805600596284218540e+01
1.526708769831823531e+02 4.073540638381621193e+01
1.795445319783583500e+02 3.710222291930410421e+01
1.544706383846610720e+02 3.988091341218657249e+01
1.725108994063736247e+02 3.793079175438852246e+01
1.200816321480385085e+02 3.885555490870928708e+01
1.316485370009159226e+02 3.914111732931355192e+01
1.476201583610072134e+02 3.736745187391560563e+01
1.528332387008085789e+02 4.295233430529392393e+01
2.052278989387960166e+02 3.908089109109909032e+01
1.241256871356376479e+02 3.714974735308769738e+01
1.557925622106051549e+02 3.978492879780851865e+01
1.557461563756008047e+02 4.160213880918526286e+01
1.007002745484806780e+02 3.886412255123571668e+01
1.304385679346425491e+02 4.076878912677636180e+01
1.979822848324777453e+02 4.010141563884823057e+01
1.439756849276373032e+02 3.628739442846593022e+01
1.033499292040045390e+02 4.156739503251924361e+01
1.488138597009991599e+02 3.752029933912135817e+01
1.368237518315129364e+02 3.593473891596299552e+01
1.474249753200668067e+02 4.278766045416741548e+01
1.451780277817267972e+02 4.022718968878969292e+01
1.306671076511033505e+02 3.890726197347790105e+01
1.147233916067194031e+02 3.937467100504783701e+01
1.608091810677350963e+02 3.800250409179841427e+01
1.416291056300066487e+02 3.515985283029381492e+01
1.225118633196880751e+02 4.323278598613149626e+01
1.247256972182269976e+02 3.870355506452739291e+01
1.519645488493993923e+02 4.422050074531643560e+01
7.917178745930395678e+01 4.017783883221301977e+01
1.744936006345248813e+02 4.493051984911728169e+01
1.248670631271481994e+02 3.888915024469608994e+01
1.658898096991757996e+02 4.015269591657019532e+01
1.591266253652715079e+02 4.260608304612491537e+01
1.574031758176777487e+02 4.182443499198286219e+01
1.333338836559603067e+02 3.916035753739319603e+01
1.669072483080241227e+02 4.444820917934879390e+01
1.440554602558102602e+02 3.745956769446107160e+01
1.062958982192271122e+02 4.396219053703958224e+01
1.648917634007886193e+02 3.907128007949311410e+01
1.467555105181103841e+02 4.159309907568245990e+01
1.397101716357526300e+02 3.463580767639398061e+01
1.352835703586307545e+02 3.741667953974346261e+01
1.543036521402693495e+02 4.009359603750047540e+01
1.583158867283542008e+02 4.289170156929780120e+01
1.273261353342419255e+02 4.135864019617139320e+01
1.301385041774765625e+02 3.994808949154925415e+01
1.399133181138550981e+02 4.626212210921465129e+01
1.683421286616992631e+02 4.078901917776979502e+01
1.375829280503537859e+02 4.136278217163677340e+01
1.582572580470252319e+02 4.236850942201814263e+01
1.522513451757657776e+02 4.210900508161774525e+01
1.881359324791332881e+02 4.345579170308762684e+01
1.489096766701877925e+02 3.940337857447011771e+01
1.549551050590885097e+02 3.875456456570411490e+01
1.607997363886254902e+02 4.357706678619215523e+01
1.716304039577016738e+02 4.510574636260061254e+01
1.726287139488150615e+02 3.988696824636111415e+01
1.175299296743984314e+02 4.310051312054691408e+01
1.388178547432097787e+02 4.366573336632102809e+01
1.333850596343729649e+02 4.362778445904780966e+01
1.467014572729297015e+02 4.193141948159325239e+01
1.650107401335800432e+02 3.821364536369777198e+01
1.782505786508343135e+02 4.532580051226295126e+01
1.070108658923959126e+02 4.094640235429517361e+01
1.115343709473315812e+02 3.674658424178493732e+01
1.286072933815899262e+02 3.907407016560920709e+01
1.197816542016597197e+02 4.331962706593341039e+01
1.596305932686909443e+02 4.044148660489068448e+01
1.444621388703885145e+02 3.588657960430141713e+01
1.067186243688504845e+02 3.569465397890197522e+01
1.699183879883940449e+02 3.714579994995865775e+01
1.240390353611702778e+02 4.425415661061687445e+01
1.431374168925502204e+02 3.923895446054407188e+01
1.156169257271905906e+02 3.628608258920094443e+01
1.758611839781756885e+02 4.293939364309111539e+01
1.649849968070810178e+02 3.865893251460844482e+01
1.641202657284586621e+02 3.979303827658952741e+01
1.773279430669675207e+02 3.890704065686389868e+01
1.379863467470042906e+02 4.121001904792601778e+01
1.718053518702002123e+02 3.276487929246258091e+01
