5.897664703593112279e+01 2.983024005849293303e+01
1.383034959845376477e+02 3.488831933357486292e+01
1.177557960257714313e+02 3.739889905575692097e+01
1.318282748336041834e+02 3.321468632206738647e+01
1.246092644811166252e+02 3.515572000423114929e+01
9.848413282589825712e+01 3.459169213384399910e+01
1.176189074802807539e+02 3.524999782355588707e+01
1.677109721199904016e+02 4.133074004366634568e+01
1.061100327968249104e+02 3.504702002161304364e+01
1.405163314330251580e+02 3.593129220070150609e+01
1.274020699480096397e+02 3.705183640037213166e+01
1.433247038050990625e+02 3.810092241973555360e+01
1.293559917005574675e+02 3.512046865362528791e+01
1.161650083609192450e+02 3.088887198597398509e+01
9.794091064531178858e+01 3.451869433350902483e+01
8.742866424467315767e+01 3.420443551608364885e+01
8.957161985552752981e+01 4.224304595717585187e+01
9.977950100467649008e+01 3.498683116592637532e+01
1.378717644087628003e+02 3.453075182621376626e+01
8.009862418229887737e+01 3.369119200146239024e+01
6.953631415932895266e+01 3.439035335828866380e+01
9.151975523413450730e+01 3.826834051218208543e+01
7.862757119865578659e+01 3.470716674629779419e+01
1.205249934713494042e+02 3.286608156202201769e+01
1.358169508261497640e+02 3.732232163082068865e+01
1.106281710535610330e+02 3.849789837742308407e+01
1.129420033960642513e+02 3.723305069155102842e+01
1.271887815244841846e+02 3.365746455603275678e+01
9.910107748986821719e+01 3.062055112425233716e+01
1.058324873540074123e+02 3.036332342612703883e+01
1.135921747251527449e+02 3.688718501628324731e+01
1.498647217435750179e+02 3.552663702073849805e+01
1.069666267513474480e+02 3.480628845495226642e+01
9.299372377929186939e+01 3.037151482041178951e+01
1.305251637236260649e+02 3.212354977568411130e+01
1.077860561127717887e+02 3.385603629834989903e+01
1.359836155865906733e+02 3.592583697096867468e+01
9.994800122932312547e+01 3.306231896619718924e+01
1.079014902130167286e+02 3.308664737024436420e+01
1.047371073224693987e+02 3.271774335235193831e+01
1.182413579380840503e+02 3.737757252444129108e+01
1.360962262812371648e+02 3.320631581413442746e+01
1.206980347939642115e+02 3.289612978399063081e+01
9.066350085016355820e+01 3.336175319842881493e+01
1.067748861873961488e+02 3.505891000107667566e+01
1.003629274022185314e+02 3.735108365728203239e+01
1.017911877920435586e+02 3.157668553011754042e+01
1.013946016525238463e+02 3.451389792412516044e+01
9.727501731924041906e+01 3.098714490482733908e+01
8.820930742978849537e+01 3.384176729136672179e+01
9.966262976517252525e+01 3.190794647922724181e+01
1.163025529317084050e+02 3.547120655533570499e+01
1.055036075588243847e+02 3.448425127475374552e+01
1.161099985006795947e+02 3.422034176841712849e+01
1.049136562557019090e+02 3.608354563614285127e+01
1.453825724580158862e+02 3.514524890841217086e+01
1.187925542634908851e+02 3.426819154475679596e+01
1.428118299889209766e+02 3.621521259481897914e+01
9.547625384497278844e+01 3.349824056928373039e+01
1.155941107546773310e+02 3.011610107636602862e+01
9.336595926861190264e+01 3.285085576155329790e+01
7.968604583944028263e+01 3.075249799879940227e+01
9.241442872214635429e+01 3.520948606001009296e+01
9.885258414173171104e+01 3.518711096910588765e+01
1.221672471386908541e+02 3.146977983166272352e+01
1.283879247664443710e+02 3.124710288925937007e+01
8.728682226848873427e+01 3.417512483177445404e+01
1.527650149279676839e+02 3.406042258805074852e+01
1.131583622989916904e+02 4.044402096269644886e+01
1.388930015087328798e+02 3.529434971649576624e+01
1.197532831881392923e+02 3.329040376220613950e+01
1.376796659536960874e+02 3.848698889310608706e+01
1.475017345899847214e+02 3.466170364969575957e+01
1.102225873224331565e+02 3.614541206238937576e+01
1.307908683025202947e+02 3.510190300199994340e+01
1.051941552643783666e+02 3.409601591000995313e+01
1.107505939245092179e+02 3.307344411746768742e+01
1.067956213644189063e+02 3.596632566182864110e+01
1.122312848227831097e+02 3.442050287404225628e+01
1.050339283615387558e+02 3.553717245118948398e+01
9.988638713924328272e+01 3.041625521431835111e+01
1.164430617465876310e+02 3.181291168092113963e+01
1.337072993475174769e+02 3.661796489440840219e+01
1.231490790902692112e+02 3.728096868228589500e+01
1.023957507845598514e+02 3.860641607801390762e+01
1.161580185305696915e+02 3.747113006155948511e+01
1.198021234469464531e+02 3.602134062138534176e+01
1.215103555315337616e+02 3.242663170320278709e+01
1.242603851435059283e+02 3.522196611071132111e+01
1.031568534689446892e+02 3.560957338070618050e+01
1.199378480418746875e+02 3.189136457400146440e+01
1.146232258493582492e+02 3.700850921275002747e+01
1.150575721810259182e+02 4.089953961840695484e+01
8.880554811444031316e+01 3.090750631655478031e+01
8.459928498217766446e+01 3.352625451732883022e+01
1.190661710276195038e+02 3.740324320288685556e+01
1.358276831170151979e+02 3.358173551028703230e+01
1.022075753394381081e+02 3.626658547740663607e+01
9.809848849083691391e+01 3.397364635452127857e+01
9.359151394776395705e+01 3.246195429841709057e+01
