1.179696706830688555e+02 3.699699418049038968e+01
8.581601293304784406e+01 3.769213540644633298e+01
1.229025495153917404e+02 3.443150678209581628e+01
1.313151449847473486e+02 3.621474501513927891e+01
1.699165243052559902e+02 3.933958959995019455e+01
1.387641385967720851e+02 4.180967078151652316e+01
1.122685344989877905e+02 3.528318924799114598e+01
9.686118427143948395e+01 3.747603060967016830e+01
1.232302524027811188e+02 3.515962599115768228e+01
1.318225137864316423e+02 3.698175312815356364e+01
1.507319749899708086e+02 4.048243595007178897e+01
1.417538720811278949e+02 3.620113259579967036e+01
1.433725705604977350e+02 3.484084148198649444e+01
1.327463171790097647e+02 3.713454499658175223e+01
1.305132403597639268e+02 3.831201871500643108e+01
1.029581268827538167e+02 3.402091509932612468e+01
7.570340939432765026e+01 3.933872415932115985e+01
1.242806053515014213e+02 3.650423409683073572e+01
1.075378448403685638e+02 4.028132868821255386e+01
1.323310998171658355e+02 3.506008670828929752e+01
1.060972848848962684e+02 3.568363777793405944e+01
1.233128380811159559e+02 3.176826708861377924e+01
1.417420799275600132e+02 3.803286378533245937e+01
1.435275614640527522e+02 4.158709294654956778e+01
8.607935043056740199e+01 3.602485013351594745e+01
1.658255588790456727e+02 3.905885586762769179e+01
1.556218033788721584e+02 3.708778135525511743e+01
1.414892357335208430e+02 3.967085525684603908e+01
1.278065948320308252e+02 3.241286431936510581e+01
1.018432539138755715e+02 3.200502826687895919e+01
9.558961765752255246e+01 3.429793805527557993e+01
1.118585568829415848e+02 3.903013373182967172e+01
1.026241297835362616e+02 3.430047318505643972e+01
1.137017593539042934e+02 3.544803802609640542e+01
1.473410486759810851e+02 3.761355794259719687e+01
1.039101223967181937e+02 3.521109818911732958e+01
1.453442017612646850e+02 4.072173056822634152e+01
1.287909805345780114e+02 3.662613632784453443e+01
1.282259388172749652e+02 3.546461752839487502e+01
1.468070014771579395e+02 4.225558945059474780e+01
1.247842095590246316e+02 4.164410632158260483e+01
1.455207792119518047e+02 3.923305818092614317e+01
1.329803517407615061e+02 3.921239718596498847e+01
1.262203226267601650e+02 4.141063274709825492e+01
9.334260950775404808e+01 3.848857343882110627e+01
1.247633202341604459e+02 4.091065422495589843e+01
1.073731621782210226e+02 3.500122710128605519e+01
1.145160796710458300e+02 3.294000416741369008e+01
1.554647253317270383e+02 3.105210099899845133e+01
1.042759512547379757e+02 3.660157153808526687e+01
1.243396701303416449e+02 3.730731694897212236e+01
1.267580552510999325e+02 3.515151580099747974e+01
1.408250365549659762e+02 3.182301172705536985e+01
1.439942363269871919e+02 3.688406742648680847e+01
1.525173553719270103e+02 3.819085724694594575e+01
1.407759609881439360e+02 3.699069620521062518e+01
1.027013860363623792e+02 3.311713343026901413e+01
1.217037059795348739e+02 3.712785456141585172e+01
1.138591830482566252e+02 3.766281016807251802e+01
1.461662444704888060e+02 4.175665033383523905e+01
1.148591177512417545e+02 3.250285309468423378e+01
1.214079291370135536e+02 3.889666775201425253e+01
1.272816606574018721e+02 4.220559961073308131e+01
1.181877412812834081e+02 3.639287039344822006e+01
1.788636624785086155e+02 4.223465931738370926e+01
1.482479733866142340e+02 3.776545085463475715e+01
1.174292442720561240e+02 3.971612824643342776e+01
1.332785681298719282e+02 3.550730448718135790e+01
9.937153248314953657e+01 3.468432244628296246e+01
8.132575938991881515e+01 3.460031659341825616e+01
1.151882306803857006e+02 3.450390515602811092e+01
1.534222359472778976e+02 4.013090262453137314e+01
1.091910549184147072e+02 4.055541164401277143e+01
9.884177597978255392e+01 3.784294692974305008e+01
1.680334447339153030e+02 3.477706481085493095e+01
1.215623816547412588e+02 3.554105282177540204e+01
1.181246738073819103e+02 3.616233909790849310e+01
1.157336059185856243e+02 3.833975474185538701e+01
1.159608955475921448e+02 3.878630329485995532e+01
1.413392116156691145e+02 3.358014597853499339e+01
1.592468319645828956e+02 4.339845183303531684e+01
1.356773270579723771e+02 3.771639177044887958e+01
1.433713142669677438e+02 3.894568424743076918e+01
1.359371083700090708e+02 3.958551619936677213e+01
1.409451461759944948e+02 3.458997559784274500e+01
1.378547971673030759e+02 3.729783327932047854e+01
1.067565823031004015e+02 3.845336822120041376e+01
1.251343345182507534e+02 3.663874636664712625e+01
1.010059607003163791e+02 3.363107844189961781e+01
1.410913835847951816e+02 3.884678407390200761e+01
1.431708874553558246e+02 3.828718803089243750e+01
1.144367742746838417e+02 3.837050505294395464e+01
1.403584356075255357e+02 3.812624284517209361e+01
1.109357011592052942e+02 3.657545286074355317e+01
1.454122701372762663e+02 3.999189309991503904e+01
1.513151144092527431e+02 4.086322787047385674e+01
9.122194345576448882e+01 3.483277551856502896e+01
1.094751496112876055e+02 4.245695382867945256e+01
1.260423145327338545e+02 3.714719439857041294e+01
1.495803849322884957e+02 4.235412353068034008e+01
