5.371521624923227023e+01 2.073596304695279713e+01
8.751597044745338394e+01 2.951214129676459663e+01
3.876662244950218650e+01 2.810992469138999184e+01
8.258598793929910187e+01 3.419521321519670920e+01
6.613062872803895687e+01 2.615302054060475001e+01
6.293941427826044333e+01 2.435598745549859956e+01
4.081511741816563443e+01 2.671050685090212440e+01
5.464259952186490210e+01 2.884999801635562733e+01
5.892764357481996740e+01 2.631134588514914086e+01
8.425053191918021867e+01 2.192483603519363555e+01
4.809604893447355067e+01 2.897483169388484470e+01
5.472555499113127553e+01 2.420496953614456359e+01
6.113219405489744673e+01 2.246116983666394873e+01
6.556510752137191389e+01 2.854840829225053156e+01
4.983216832232746185e+01 2.536084869293712529e+01
2.982129880825331369e+01 2.224871514268338046e+01
6.036263414809349825e+01 2.683997100888129239e+01
5.920847827284969611e+01 2.613852063440902640e+01
7.127195489445253429e+01 2.617456349412012884e+01
5.589148538602371730e+01 2.498127620837220775e+01
5.565290699948456421e+01 2.552754354351755950e+01
3.388892832947880152e+01 2.424187013366804777e+01
4.379839003103815287e+01 3.178225372807358795e+01
3.274348909557857468e+01 2.385985498006720107e+01
6.550517074883032365e+01 2.479528703799665479e+01
5.932641039610570033e+01 2.672475972399031363e+01
5.482718309515493615e+01 2.475472632836947540e+01
5.991132575395616300e+01 2.982711263024183168e+01
4.364126178439735781e+01 2.328166648104360803e+01
2.556486885121629626e+01 2.302470981910437686e+01
5.289995209621910277e+01 2.688026317001027010e+01
6.696459851841885325e+01 2.376648359228159180e+01
5.856894725133994228e+01 1.947101937561962259e+01
5.985706289403984215e+01 2.258624765952263758e+01
6.597203527396578693e+01 2.706856645962006169e+01
3.131343160213970833e+01 2.087051785998871267e+01
5.414729186323285148e+01 2.590220872644044192e+01
4.486175655408331409e+01 2.635352896821983748e+01
5.722244945395407001e+01 2.309279881142391488e+01
4.966735431597385286e+01 2.595520430483930241e+01
4.585763965731587888e+01 2.388939862446753182e+01
6.251057481845348462e+01 2.706201506306887339e+01
2.250646222672409280e+01 2.320148982049575537e+01
4.680594268926566315e+01 2.687573876278536389e+01
4.241568576657805778e+01 2.538381823652025204e+01
4.942952705060923080e+01 2.460416542513616989e+01
5.544139485168597048e+01 2.519238179025962765e+01
8.482795915044650314e+01 2.335637493239672580e+01
6.168948708524745683e+01 2.929235555621234965e+01
7.674981131380739896e+01 2.271164176960084191e+01
3.759132376324424030e+01 2.459213619425484509e+01
3.140154957105248457e+01 2.056282901393575813e+01
4.790033735180318786e+01 2.503246549358486561e+01
4.567375981231518978e+01 2.516960244483139419e+01
8.298486267912308278e+01 2.762738648385321127e+01
6.183364636569255879e+01 2.455328025663742153e+01
7.356243773259861030e+01 2.550539394841044327e+01
3.784070764896436856e+01 2.374352411841652000e+01
4.509645239856915566e+01 2.322136580592426114e+01
4.127275184808612352e+01 2.470722164782163688e+01
8.864738480855595526e+01 2.464620703518056288e+01
2.767529560989282800e+01 2.163821273482312435e+01
6.947499528658359225e+01 2.883265847898875833e+01
4.154830245893178642e+01 2.509462410118017317e+01
8.352240642864394715e+01 2.853863971642383035e+01
4.956898105028458446e+01 2.775886261513204190e+01
6.548235160776982866e+01 2.614107989568469392e+01
6.856567482598096319e+01 2.820958675002809457e+01
5.541200884154350348e+01 2.500830706419489857e+01
4.275935932471757894e+01 2.225456743449065655e+01
7.283223625219268627e+01 2.622328600310536828e+01
5.372589608172007303e+01 2.734432849354711692e+01
7.529778137692638040e+01 2.923600749724251102e+01
4.959642952871919874e+01 2.377638702647455204e+01
6.601035442060116054e+01 2.789607249980990034e+01
5.454246450605611329e+01 2.505577244283706406e+01
3.760970531086051949e+01 2.560177917788022484e+01
5.014597014876916603e+01 2.478503852744668023e+01
6.137273030836130516e+01 2.796637511348460592e+01
4.312806803739838557e+01 2.657595696449379474e+01
4.896731708979849884e+01 2.319615507208061445e+01
6.057844230686200149e+01 2.482128483972230626e+01
4.683718664381194685e+01 2.315641311473722652e+01
4.702098983175523728e+01 2.559164999514580074e+01
7.279921558502286416e+01 2.656850350978352537e+01
6.017879268295248352e+01 2.370017924347938276e+01
5.536866219333844441e+01 2.468594382780095486e+01
4.915477637369924935e+01 2.381856045090813012e+01
6.164852752580205930e+01 2.471013042903348023e+01
5.801739722619718265e+01 2.480125904910259393e+01
5.476714185279320191e+01 2.720641366795865679e+01
6.535447398714296696e+01 2.630078693319243399e+01
3.698830138459586436e+01 2.811029357160552777e+01
2.405060466181610934e+01 2.423812603304876845e+01
6.188611671164009209e+01 2.299948947017986001e+01
7.222443904206811283e+01 2.994853215367167465e+01
7.076591229214581347e+01 2.849002614067923034e+01
6.219039332587284719e+01 2.717462355991567335e+01
4.898483315961336615e+01 2.590733298045114097e+01
4.486184319260399889e+01 2.490446432006491051e+01
