1.730209136526859481e+02 3.914095226778109549e+01
1.659164277781728458e+02 4.194344375777784251e+01
1.300938149076730781e+02 3.922307419808961981e+01
1.377844009771602032e+02 4.433064308941280274e+01
1.020514815504058816e+02 3.603470004752632860e+01
2.049916487328587209e+02 3.881543190501949425e+01
1.408264762979529223e+02 3.911673402905188368e+01
1.507089893838643491e+02 4.335095155782700260e+01
1.464981423324098557e+02 3.600540524815393439e+01
1.595101999735928473e+02 3.875922002436919200e+01
1.449744074221602261e+02 4.094548865154064288e+01
1.944119744654670683e+02 3.963402213392600260e+01
1.034816621209781715e+02 4.292020509651290183e+01
1.332990590090711578e+02 3.350690486796573708e+01
1.807193258187560332e+02 4.246514929613376665e+01
1.737899068581641302e+02 3.698229427329939512e+01
1.140396553651339104e+02 4.130577859188510104e+01
1.012704388274513860e+02 3.333317617677225542e+01
8.704317506529920934e+01 3.830695546843364951e+01
1.177843210783655223e+02 3.383995359888437804e+01
1.633548036817130651e+02 3.779119128118843207e+01
1.101587211035802198e+02 3.892220352016731511e+01
1.500453555169068238e+02 3.987557670639020557e+01
1.295954855926230209e+02 4.076626025886285731e+01
1.413199824110189127e+02 3.705636200914939593e+01
1.108778117802092567e+02 4.013258007367240054e+01
1.515498231693092350e+02 4.155969126765465660e+01
1.530749506354151777e+02 3.949756196309792955e+01
1.424464686480954185e+02 4.160588891881263152e+01
9.746657380224962708e+01 4.041398422937844970e+01
9.199691320698914865e+01 3.598099900979593002e+01
1.561725036562034745e+02 3.791312940972490964e+01
1.422251376018350584e+02 3.633744603488541713e+01
1.359532619681018559e+02 3.928187724078342313e+01
1.132580655470325439e+02 3.658520378979668664e+01
1.268028213325105611e+02 3.736413840164891553e+01
1.474022157053175874e+02 3.716075598967555038e+01
1.214806487325560767e+02 3.624308645927460759e+01
1.242717448643338827e+02 3.892526964972350356e+01
1.153625898887903958e+02 3.296284608656949189e+01
1.250947775115889016e+02 3.419724664301788408e+01
1.450130816769667774e+02 3.837453130530929712e+01
1.972412547555438209e+02 4.225636249172512748e+01
1.558499583305050180e+02 3.561733466204585596e+01
1.184771718620794161e+02 3.509483328443904071e+01
1.190008355542290275e+02 4.125839960227272485e+01
1.510335704646645922e+02 3.821804628464860087e+01
1.254600441048366264e+02 3.979000551811525099e+01
1.476966036369606456e+02 3.614894314421513144e+01
1.194121222762074552e+02 3.935100505651251268e+01
1.337180875116193306e+02 3.920386620696746149e+01
1.403143012905184435e+02 4.523708594183519693e+01
1.764414387811985705e+02 3.804892479037843600e+01
9.753235039807327666e+01 3.989015564721395890e+01
1.444074397920533670e+02 3.726154253362400937e+01
1.425037880698327797e+02 3.795329526283727972e+01
1.759143734221611055e+02 4.029404625646508720e+01
1.443111133274921656e+02 3.679056664513394281e+01
1.519395215216965767e+02 3.746648826780145214e+01
1.239309855050706091e+02 4.052779431024490719e+01
1.085651186519680067e+02 3.418322200360061913e+01
1.794266472060865283e+02 4.045834084999464153e+01
9.183064389000800531e+01 4.005313129037701003e+01
1.466232532393484860e+02 3.957918403858882073e+01
1.272902001804933718e+02 4.230491616497090490e+01
1.515707069552646828e+02 3.601140705986254176e+01
1.184917275163817720e+02 4.134510909589762662e+01
1.650076418521440473e+02 3.623925687770795889e+01
1.456056451734977202e+02 4.037570644149058552e+01
1.189736214055106984e+02 4.200998406540707464e+01
1.167240585751253690e+02 3.631773993794183042e+01
1.547215833152109781e+02 3.844793614083193489e+01
1.248921876776088027e+02 3.714051032963620713e+01
1.294943653349022270e+02 3.689039432218488912e+01
6.249424107247011051e+01 3.293339292890473757e+01
1.630984967858375683e+02 3.944018338086030440e+01
1.230983437397444362e+02 3.841056696577863505e+01
1.164934198190670003e+02 4.014779912888234037e+01
1.187296166423952144e+02 3.991620325430550764e+01
1.051116973223463162e+02 3.422290036347101250e+01
1.004215017763498707e+02 3.737747826482756608e+01
1.709444308920889739e+02 4.083977812895448523e+01
1.337489165436898304e+02 3.908908641696097419e+01
1.160414542675369489e+02 3.825113249525709591e+01
1.752536649932264083e+02 3.651280761424165178e+01
1.826762269150290763e+02 4.124885459378458563e+01
1.049955084245657844e+02 3.509566362050077970e+01
1.173209567009054410e+02 3.887747735521579528e+01
1.131089989685998063e+02 3.710678822146321210e+01
1.209555024043717850e+02 3.708177945975344159e+01
1.636063514457712813e+02 4.118306827106921730e+01
1.303536767202196529e+02 3.674175653724543622e+01
1.320972962225445997e+02 3.684030486985756170e+01
1.105682401512473092e+02 4.050790457490073493e+01
1.471878535626865130e+02 3.794680945130392047e+01
1.389455746884042924e+02 4.623941347998720630e+01
1.696486753288250782e+02 3.950435644025922244e+01
1.307860171893352970e+02 3.636315325125341502e+01
1.486077537300556344e+02 3.938827080421353344e+01
1.606000937651768368e+02 3.874454349053745972e+01
