1.842268932677929740e+02 4.389668492572639735e+01
1.481664094689370188e+02 4.223862944685676268e+01
1.831584277046448221e+02 4.093901249243444340e+01
1.544856596018189805e+02 4.269853590542456345e+01
1.835241518374374721e+02 4.512967344400608738e+01
1.496578753064356420e+02 4.153808466653245546e+01
2.132270727214272199e+02 4.309445460945165252e+01
2.020341405131390502e+02 4.293519113122246011e+01
1.648251228348263453e+02 4.529857009630364928e+01
1.540360346397696105e+02 4.210493562413874002e+01
1.806218211906071645e+02 4.203846392725302650e+01
2.393775941382262715e+02 4.767230018198731045e+01
1.634382962818984311e+02 4.147648456095087965e+01
1.453019245457044235e+02 3.894111663810569013e+01
1.546314203626924950e+02 4.353514279720306490e+01
1.789473480213422931e+02 4.475196734539773047e+01
2.028132453305056231e+02 4.413256180112747984e+01
1.976953100902485687e+02 4.344135354032547269e+01
1.578855428109511365e+02 4.368323547413513097e+01
1.357231470888100660e+02 4.064915302317669443e+01
1.449278362358473373e+02 4.180327892907683207e+01
2.354214617284933695e+02 4.505754409551673234e+01
1.704696514011634179e+02 4.449242232457674362e+01
1.553605172169676791e+02 3.978533396559681279e+01
1.311253458855434531e+02 4.603375435379771830e+01
1.969315031023751885e+02 4.433280781339706778e+01
1.975615674276923528e+02 4.395318202678163289e+01
1.259571754279861864e+02 4.201280440146575756e+01
1.545766749001614357e+02 4.916890438636534100e+01
1.961566278645991872e+02 4.229413887505720737e+01
1.430170302271440050e+02 4.570394568129641755e+01
1.807798784707612754e+02 4.233886735597423012e+01
1.587501798762401961e+02 4.155044691240644283e+01
1.555484277356484881e+02 4.118125848045968951e+01
1.646065381256485409e+02 4.496634882492399754e+01
1.606481845456473536e+02 4.329418880089657762e+01
1.511800163938031858e+02 3.968623993934241412e+01
1.889982167459990023e+02 4.386405469821252723e+01
1.840809206422140676e+02 4.257818785809705986e+01
1.695990738156704367e+02 4.371157781699889711e+01
1.665021048623746651e+02 4.021547959263851624e+01
1.864763130565356448e+02 4.256608126322529984e+01
1.966065903921183349e+02 4.754328982135485404e+01
1.408556382977022849e+02 3.796688910417263685e+01
1.547846849696850029e+02 4.795958008696950969e+01
1.353980450769776382e+02 3.992986004344773932e+01
1.764299761818842001e+02 4.149411517749280165e+01
1.351580674480440223e+02 4.515356764886099938e+01
2.041144248067405442e+02 4.793385161514184034e+01
1.527490395547791593e+02 4.270778308557989789e+01
1.774383846386391497e+02 4.135902808758297766e+01
1.633859460344206980e+02 4.230256291580551675e+01
1.601114158827813299e+02 4.181665252047985604e+01
1.424161189521149140e+02 4.558451065669409275e+01
1.231796532084384950e+02 3.956492606797834810e+01
1.786249044771101069e+02 4.428238153428132051e+01
1.516941710444465059e+02 4.290823647478411829e+01
1.902483918363961948e+02 4.350002077183405902e+01
1.370328585572087547e+02 4.030121266292476889e+01
1.648649995450507504e+02 4.256546785974315839e+01
1.741206194652662589e+02 4.163323913565899659e+01
1.799674123660392979e+02 4.498753016626639578e+01
1.605623649747043942e+02 4.287936382680612013e+01
1.761164335129437575e+02 4.743456855067993416e+01
1.469257965100806018e+02 4.383138198744283898e+01
1.921963370820238879e+02 4.542393642046761215e+01
1.754529612251449748e+02 4.474141625032216041e+01
1.711344781055131818e+02 4.350748535050313137e+01
1.401912099551972517e+02 4.349317521061278313e+01
1.671807336828233304e+02 4.750104307784113189e+01
1.706166393098185665e+02 3.761523303775767602e+01
1.929314323985642261e+02 4.250929144240031832e+01
1.978897861157444424e+02 4.199754238981330445e+01
1.440707003730378517e+02 4.070459307180114195e+01
1.667611943372461667e+02 4.101168891552225659e+01
1.258347298247028903e+02 4.002389055203618540e+01
1.739182373581328420e+02 4.156535265028839632e+01
1.373196118054751480e+02 4.339859488354760941e+01
1.816479875910651458e+02 4.140815577956179538e+01
1.428840346719905767e+02 3.791351207037322268e+01
1.779516367901384513e+02 4.471369455088504452e+01
1.320510844534568093e+02 3.977387900585377167e+01
1.287583741503116812e+02 4.537939509017279249e+01
1.464998926074103167e+02 3.639539024192011851e+01
1.930838227014980362e+02 4.594118336351187537e+01
1.851572445633311474e+02 4.166999736378707553e+01
2.004168280503769779e+02 4.227890381725120506e+01
1.952339550516351778e+02 4.820203181368390233e+01
2.080864452732535597e+02 4.983702707371543994e+01
1.444889419791636271e+02 4.252698139291777579e+01
1.774570262705233006e+02 4.422185772806758308e+01
1.791759881963403416e+02 4.619427224157242762e+01
1.709884361123281167e+02 4.311320427812241007e+01
1.659796930315001759e+02 4.500663493858912290e+01
1.675716745442984745e+02 4.094428990079679664e+01
1.960571417036837829e+02 4.590614120596265479e+01
1.636301986056495252e+02 4.275021058100042382e+01
1.816994097550975766e+02 4.679193196799769794e+01
1.758232309169299299e+02 4.558293151830590517e+01
1.961284783136694045e+02 4.263413128053631596e+01
