7.805901694792500223e+01 2.684702866285373091e+01
7.725164742193335599e+01 3.005091681864808351e+01
8.500035068555375517e+01 3.229853898270602031e+01
3.612395675963452391e+01 2.808209618305926725e+01
7.769768466860197975e+01 3.033300707236067595e+01
8.062114598538111920e+01 3.110355027604633804e+01
7.211660278619848441e+01 2.952367816872345330e+01
7.370896593446357770e+01 3.002324661060301025e+01
8.208259433574892228e+01 3.036708693518031055e+01
8.085210225894110181e+01 3.042450827861033602e+01
1.156477769690383894e+02 2.760681428019027805e+01
6.916354113729563835e+01 2.673641561164427571e+01
8.149409532112098020e+01 2.806858183019470232e+01
7.130656241800174655e+01 2.814055115196258328e+01
7.088642073482658645e+01 2.737395429682279868e+01
7.054942851768181811e+01 3.016372001312067042e+01
8.826070988938070627e+01 2.929634116982585113e+01
5.636488192173742107e+01 2.861449260638772429e+01
1.006007140360823655e+02 3.254385957357612114e+01
5.863277434283185130e+01 3.036655641195475397e+01
1.072785651343931477e+02 3.062510440397022649e+01
6.188546196387473231e+01 2.625286121874220768e+01
5.518990230222773619e+01 2.672841309174594215e+01
5.978740319764239075e+01 2.725962924352391425e+01
7.240615628801698733e+01 2.610085950781930819e+01
7.756256705547339436e+01 2.761091748704415139e+01
6.244937781570551749e+01 2.790797789528430783e+01
9.900637771134137211e+01 3.364338476929219013e+01
8.080426732992337691e+01 2.730277243483910965e+01
9.016137174990043945e+01 2.927340823214202814e+01
6.137300398929596668e+01 2.962961936968401488e+01
9.066245893399351985e+01 2.737048939583166884e+01
6.692347665369246101e+01 3.074534676076030948e+01
1.186179173267786382e+02 2.934066430875335740e+01
9.839748659152674293e+01 2.799860691769055165e+01
9.691066945799522614e+01 2.653942033173881399e+01
8.729226881945999139e+01 3.025658908970596883e+01
9.475087701615150593e+01 3.216808375682633425e+01
7.211191282572171701e+01 2.941214245968814467e+01
8.814531603447753128e+01 3.406447842442914720e+01
8.379371330859794398e+01 2.749491973233872244e+01
1.007991036299004861e+02 3.120189193869550692e+01
7.754309941876580581e+01 2.720522279679242672e+01
7.055972318387689768e+01 2.724952139942112694e+01
9.940580512043990780e+01 3.191392269926382497e+01
5.595638830441880174e+01 3.009899517700178606e+01
8.199131228235673063e+01 3.604806778733943418e+01
7.145205852849855432e+01 3.057541915586609704e+01
8.770503972986686847e+01 2.991805087331290380e+01
8.598404396103515523e+01 2.549467123336291863e+01
9.822513320077338506e+01 3.184797333381134621e+01
8.134627806752376955e+01 2.686699728060629866e+01
6.983398774519820051e+01 3.180576258147479152e+01
6.377060067873431848e+01 2.515342290114768531e+01
8.901646913994672161e+01 3.404686383415585738e+01
1.082139953485164341e+02 3.293102191356302910e+01
8.879644719126842745e+01 3.073527801758634581e+01
1.035711976162380950e+02 2.903788596360602270e+01
8.259284628035709375e+01 2.702645682004127892e+01
8.095764837601312536e+01 2.784269632912740633e+01
1.035974612646605948e+02 2.783342077921759383e+01
4.786663157065587626e+01 2.951812501575638592e+01
8.717131176409880311e+01 3.037818961075673485e+01
7.865840702901840586e+01 2.898944248053904005e+01
9.544436503775452252e+01 2.899067339817240807e+01
7.853377343409019318e+01 2.957147295475803617e+01
8.889273765479721590e+01 3.629130693583073253e+01
1.054733077057035615e+02 3.187196493123684249e+01
8.783331797692649445e+01 3.425343681033320564e+01
1.012685071631316305e+02 2.842709120176102644e+01
8.486745544633592431e+01 3.288536315295593226e+01
7.580341501595545139e+01 3.404570987426044582e+01
8.743238745331578343e+01 3.192941816594893822e+01
7.958643559834608538e+01 3.219855603825381962e+01
8.313525302219299817e+01 3.349793538580965446e+01
7.367486195292354978e+01 2.949500278036626355e+01
8.543600368086160302e+01 2.487905001547806805e+01
8.723001602042310765e+01 3.066570173156087620e+01
8.160079680172148642e+01 3.253006238388726956e+01
9.851118246147743207e+01 3.044981048777056287e+01
7.531670779490156065e+01 3.320087667085985572e+01
8.101385215654939032e+01 3.096960472863465341e+01
8.949793347732290272e+01 2.798718537208693746e+01
8.151698687494958051e+01 3.092471715834224000e+01
1.137565336289213747e+02 3.213120759589481423e+01
8.156550834378273862e+01 3.035290946270946932e+01
9.165337870345540239e+01 2.676083581436507330e+01
9.001737237017840698e+01 3.043693817734619600e+01
6.598416183414282443e+01 3.023905703517167609e+01
8.376579333062960586e+01 3.100855260282245141e+01
9.566588476422434439e+01 3.104763899295648599e+01
7.895568144854020431e+01 3.183830249422488023e+01
8.931560701996718876e+01 3.014318989554260142e+01
6.085287630633605005e+01 2.754481301512289093e+01
7.229286418033770190e+01 3.288888333340796777e+01
8.864087773385352875e+01 2.799490330017188455e+01
1.072275600844063774e+02 2.680577049971536141e+01
8.661048837864493066e+01 2.716384153019119196e+01
7.640884295688915984e+01 2.665204625853442266e+01
7.739868697139702647e+01 3.018457414504806735e+01
