6.590619149687182698e+01 3.220548783142055527e+01
8.443063321253154641e+01 3.350730662230539991e+01
8.049734449941914249e+01 3.300435273215487086e+01
8.828956635437107536e+01 3.477654510604319427e+01
7.746318903896053598e+01 3.269558731857060252e+01
9.040616386164958840e+01 3.082112995055524962e+01
1.102518765957960909e+02 3.719986891691480224e+01
6.853125250625501508e+01 2.978948770626798392e+01
1.085874547244917636e+02 3.079107016270354436e+01
7.277814199912883453e+01 2.606029700913412839e+01
8.503724035760099298e+01 3.423381882048946068e+01
1.049996055927126264e+02 3.294706654379128707e+01
1.033266454881924545e+02 3.166411168529713649e+01
1.022454406461473866e+02 3.015333476479111852e+01
8.452259728668806815e+01 3.333693979660745299e+01
7.003916792049324158e+01 3.113310044202097870e+01
9.927201050194213394e+01 3.490157589172637387e+01
9.842766664488647166e+01 3.618708191897861326e+01
8.766485230139608120e+01 3.480114617620101569e+01
7.407296869574354048e+01 3.061417495465724059e+01
8.051176367755822127e+01 3.519280952848419020e+01
7.031313033388634892e+01 2.977302758900856361e+01
8.607772717328762724e+01 2.927827024753600682e+01
9.136722005601635033e+01 3.379574110139402165e+01
1.348283707937034137e+02 3.292868996377470125e+01
8.530019677630920683e+01 2.984591087433212309e+01
8.506307842681641773e+01 3.174794123578579885e+01
7.948270776524903170e+01 3.153221754262232324e+01
1.170704116337604148e+02 3.019584094343579750e+01
1.310493634501785039e+02 3.639496410927996806e+01
1.249225980432941157e+02 4.006424376403213472e+01
1.089218826794991912e+02 3.248364925027372863e+01
1.021442769515031159e+02 3.194624306727060059e+01
1.117039214682747570e+02 3.069686549386155860e+01
1.080760749794113735e+02 3.299728487122484921e+01
1.142197731002818841e+02 3.560631385703829466e+01
1.108798865705953176e+02 3.022125957762829174e+01
8.583875274339750661e+01 3.362971255478904453e+01
7.540114167943197288e+01 3.211437508112340566e+01
9.045326931201708476e+01 3.299691967244857693e+01
9.108667692301091279e+01 2.934972566027015972e+01
1.034346598823715766e+02 3.021510128987229749e+01
1.255406084076995228e+02 3.228067797138564998e+01
9.965094015442896591e+01 3.437412877827099322e+01
8.470916847805425220e+01 2.725904202841615387e+01
9.828533682777722902e+01 3.648202123985075929e+01
7.685749644229547073e+01 3.701504575347581749e+01
1.005338838070889977e+02 3.417050961801642472e+01
9.907673321925901178e+01 3.465840118382531898e+01
1.008761485361397803e+02 3.396663634080878325e+01
1.174202552385207952e+02 3.058862874876818339e+01
9.118802175611949679e+01 3.556100166655321715e+01
1.142667002071860196e+02 3.374881855544431630e+01
7.846417856618440112e+01 3.139055598403561831e+01
1.148904563812822062e+02 3.057531094999319521e+01
8.962952067981471771e+01 3.065597774654397156e+01
9.145007090724519117e+01 3.336159441009024107e+01
7.406422482543264607e+01 2.850514196825073299e+01
9.399865322235204701e+01 3.308255820978879314e+01
1.152449665269560626e+02 3.546305356513397555e+01
8.115212736708673447e+01 3.149675072357336703e+01
7.230747233496953186e+01 3.085375859180134128e+01
9.875904420346289214e+01 3.111694856613470961e+01
5.329269720054584525e+01 2.997278649427770958e+01
9.771484238995319060e+01 3.650078699939597726e+01
8.305244585330805762e+01 2.852702521168362892e+01
1.207340973121236374e+02 3.573299999673365335e+01
8.792426705610000681e+01 3.715021483865303509e+01
9.673840626378087393e+01 2.961060148202656350e+01
6.332201819261378972e+01 3.071222104312205303e+01
1.007007250435173944e+02 3.252504451157412291e+01
1.050588493529096041e+02 3.487637235144145365e+01
8.986010983435592436e+01 3.146673605505825222e+01
6.880213703402291969e+01 2.685000510558339215e+01
6.250018658042407083e+01 3.124447726747278509e+01
1.338479409098039810e+02 3.355269875930877532e+01
1.236588669975052852e+02 3.685340902222159798e+01
9.042194213223069710e+01 3.444598464977141816e+01
5.961951614827672330e+01 3.489746888310164508e+01
1.106261615045076923e+02 3.219333448676343323e+01
8.588098555956516122e+01 3.023753608437501228e+01
6.664367455024991216e+01 3.011132103018931261e+01
6.916725822022692682e+01 3.012053566729765564e+01
9.959652467939713461e+01 3.231736520334779073e+01
6.706745421607490698e+01 2.887807382591183725e+01
1.186790219408514275e+02 3.520525909716786828e+01
1.184717691798505115e+02 3.358549235525808285e+01
1.218218318590410973e+02 3.394026060084775764e+01
1.225254722034969888e+02 3.417291962776000247e+01
9.990815552594041549e+01 3.176076149573107799e+01
9.248116175154480345e+01 3.243050124032891546e+01
9.047038718188352391e+01 3.493916822994208360e+01
8.863315063785364600e+01 2.947228726871449567e+01
1.145559129699586407e+02 3.631458981412949072e+01
7.215488120790472237e+01 3.103054021696721776e+01
1.062904593683468164e+02 2.936789986081467063e+01
8.640752944042037598e+01 2.950085605171684833e+01
8.512996263402369834e+01 3.241286933177634211e+01
1.280950837184904572e+02 3.210102579743104201e+01
1.008183582990585876e+02 2.904567562373402723e+01
