9.327056684136804776e+00 8.804568076958538825e+00
1.479194599838819357e+01 1.008772702707054236e+01
6.495107453394320274e+00 1.340144461136280363e+01
-2.517590074916869369e+00 6.856608703857554055e+00
9.313609470196441364e+00 7.292346907057366323e+00
3.009452496676103372e+00 6.954152419930033524e+00
6.945757871385538351e+00 9.004709534003952243e+00
7.392206791697781831e+00 1.420679905325587100e+01
3.026858180726053060e+00 8.547789174828682945e+00
1.486584068880743281e+01 1.266694048556616714e+01
1.520963863152304185e+01 1.178603110663447140e+01
3.161227559726718539e+00 6.519563712861345728e+00
9.207590867067285245e+00 1.087602814856009203e+01
7.292328640947584262e+00 7.579255101697795816e+00
2.739845215992489980e+00 9.206853920283755599e+00
1.883981185658548885e+00 8.657757923683721657e+00
8.336033060971193009e+00 1.083176244263031762e+01
1.547120483550338221e+01 9.090418062250726905e+00
6.671465027449584362e+00 8.053978809723844279e+00
2.613203124359955609e+00 1.400880713160958635e+01
5.056739541172388108e+00 5.489727170187860494e+00
1.594891342878194074e+01 9.289470529357043205e+00
7.219322926717206101e+00 1.026555526523386774e+01
7.586966688624937838e+00 9.150361610063054485e+00
-3.202879969515617375e-01 1.133070913333304475e+01
7.213359019988828003e+00 3.329429572321775499e+00
6.983493608699553157e+00 5.824622877188749825e+00
3.502971172374206965e+00 8.460084784776375599e+00
6.504337010732444746e+00 5.469100770196576811e+00
1.564377339914167209e+01 1.205516960293308237e+01
-1.486335034787304110e+00 7.275858370745652337e+00
6.465289788245017100e+00 5.999434420907925336e+00
4.011382625218844922e+00 1.024793206715577654e+01
3.751336366030429748e+00 1.274031441876884863e+01
1.240209945430327254e+00 9.547737725478524951e+00
2.984541559772243335e+00 6.422926118097207926e+00
3.135841043655484661e+00 1.136385429567092409e+01
9.083220562347591454e+00 8.505246066032082553e+00
7.128010318567161718e+00 6.769146855578773270e+00
3.542220874356036830e+00 1.143810587063654083e+01
3.927194478166438962e+00 1.247702351403545507e+01
3.238086814436886396e+00 1.512283664407348382e+01
6.865631321463413705e+00 8.889720356682008884e+00
7.312213295366909449e+00 1.000482748374061259e+01
1.311828410510782472e+00 5.800874933872842476e+00
5.886961392963263151e+00 9.416136448576335027e+00
4.160836892559485634e+00 8.442993736110700809e+00
7.393444857950193239e+00 8.424343977887858159e+00
1.313624738540430315e+01 8.629651942729591241e+00
8.551619874988169556e+00 1.018244891863313661e+01
-1.486490550935635646e+00 5.469287140724246932e+00
6.296369086789198377e+00 9.083933766124335563e+00
7.861368914590646462e+00 1.100882367961341401e+01
8.942651420229477566e+00 1.139448301135010944e+01
2.771186078487729021e-01 6.338073244179484256e+00
2.208829358504396545e+00 5.290494008748695798e+00
4.796973907068389664e+00 6.055360486323261959e+00
2.448298231918677459e+00 6.205168141770651680e+00
5.909243647816175837e+00 1.083039726498034128e+01
4.119760231037393972e+00 9.639217757955766075e+00
2.855595587547685277e+00 9.239261357903238547e+00
2.480756437471831610e+00 9.362573170940674316e+00
1.612087711503723542e+00 7.818607159888438574e+00
3.287445581605286993e+00 9.702661856049706657e+00
2.029366302830633018e+00 5.817547361513775606e+00
1.342245778938297995e+00 7.958451261428793444e+00
3.755149586173350817e-02 1.173087682204951854e+01
8.913724193932363704e+00 9.206446891158359236e+00
-1.764055692033376088e+00 6.297100920928683010e+00
5.017257961751303341e+00 8.566407059874972418e+00
1.012420491957229096e+01 1.330328773456577629e+01
3.006110603889923460e+00 8.288798194878456371e+00
8.772190520844072026e+00 8.680171023897385041e+00
2.748858686946118457e+00 6.488930998583958498e+00
8.707404514079543745e+00 1.033841454439907714e+01
-1.998528133611035429e+00 9.347935368764535013e+00
1.110977245542413350e+01 1.167211935211713048e+01
6.614424233412093734e+00 6.674431231940475051e+00
7.098548707580886408e+00 5.930559383169557108e+00
1.923301268975426837e+01 6.338057321008566447e+00
1.462804616928325885e+01 1.028341373764567734e+01
5.807810699647066421e+00 1.001387432193276972e+01
1.400455978106502242e+00 1.045492020515089493e+01
9.376011655378597709e+00 7.551896135050906622e+00
4.765752858260282387e+00 8.233895309207859725e+00
1.014776371012961320e+01 3.401895474661842389e+00
-2.689063034166254695e-01 7.020458303189869298e+00
5.515812856757042582e+00 5.211663821002850305e+00
7.226622201395178635e+00 1.140210132226846795e+01
4.141362847686274051e+00 8.091382543047126674e+00
1.305625752850290144e+00 4.302770287261489024e+00
4.834568510471694225e+00 8.488668924734440679e+00
6.672614848418618294e+00 7.414763032925237418e+00
9.118457160251649540e+00 7.147164819181615059e+00
3.683361227896116752e+00 1.535917548685764089e+01
4.103812709989246521e+00 6.055159253756040805e+00
1.544943312173312577e+01 1.180321034228148314e+01
7.167113047480354382e+00 9.350032878670877068e+00
6.291589704747940104e+00 9.097807246683126792e+00
1.495572853445104267e+00 6.468271604173920331e+00
