4.929540591006178829e+01 2.602913451959031832e+01
4.388855923350335786e+01 2.307092612834081891e+01
6.341518944141654401e+01 2.596286458405721476e+01
5.744123700226440832e+01 2.303118570943230381e+01
5.488042901747702018e+01 2.749000845988225805e+01
5.683017903115165836e+01 2.986883315488312007e+01
5.157836435367126882e+01 1.916349487085857817e+01
1.863319931100595284e+01 2.300881700974442623e+01
3.915193130525751997e+01 2.706261770529174271e+01
5.679373222363981455e+01 2.665444669311134973e+01
8.524471890646472616e+01 2.252475433036135044e+01
6.090540685766877971e+01 2.380017663641899262e+01
6.222695276946150500e+01 2.594726424246880825e+01
2.970898848050903140e+01 2.775563923559236912e+01
4.003508727736417683e+01 2.680601797432764499e+01
2.782790768319929597e+01 2.363119631946108257e+01
4.581903547421311629e+01 2.668962488688690016e+01
4.611849951676663295e+01 2.612951586428341244e+01
4.352661115257522084e+01 2.064037645157095824e+01
5.363136090659409660e+01 1.984160327793083312e+01
3.777707538612393989e+01 1.830684623267924138e+01
6.546832693891970223e+01 2.419768825722329098e+01
7.609682553184011056e+01 2.529144419871679261e+01
7.543128638154904309e+01 2.669753570070740167e+01
3.222045126214168675e+01 2.700993573730818653e+01
5.753712870879868291e+01 2.463793021004392969e+01
5.713416871315641288e+01 2.851396994315369682e+01
5.568698425302619626e+01 2.305305033215853427e+01
4.312885571809262331e+01 2.239846824157623573e+01
3.450289372750437167e+01 1.960543553489601365e+01
5.356684902288061778e+01 2.410998835490024206e+01
3.970962942779495819e+01 2.293734864635806758e+01
6.722412089494653742e+01 2.407493938259440824e+01
3.470839733097828628e+01 2.179950534103360837e+01
6.074457844993502675e+01 2.199977378187932331e+01
2.900089687501052893e+01 2.487831562866981017e+01
4.708042415846836803e+01 2.197193814258474731e+01
2.971771479585492770e+01 2.431859654211572419e+01
5.620442196546455449e+01 2.550480147238323880e+01
3.797819443612976897e+01 2.356170286934051816e+01
8.446574418459229605e+01 2.661688695951256278e+01
5.856600374609097059e+01 2.436269256092210256e+01
5.605802036418447898e+01 2.657138078491392719e+01
6.157160014480225385e+01 2.530369855189646700e+01
3.943939007643157169e+01 2.423919535962829386e+01
6.756237749062373155e+01 2.529136926510325623e+01
5.693744289509938028e+01 2.278700681710662224e+01
4.232683890729190068e+01 2.014380524393899918e+01
6.148629270336837749e+01 2.429759810412848609e+01
6.471636205664825070e+01 2.844067486676263457e+01
3.854472881891378933e+01 2.446148963277249422e+01
5.119790393441169840e+01 2.660344216462199896e+01
4.989642515771768672e+01 2.361140870753061449e+01
7.032607053735451075e+01 2.993793160738735182e+01
5.032479672790303482e+01 2.390206221038556933e+01
4.927770366384859813e+01 2.380930434345691893e+01
4.905601144813193315e+01 2.248117829806682622e+01
6.757207264421788295e+01 2.278410414642203463e+01
5.063472758891881398e+01 2.421484212844823602e+01
7.259763581967909829e+01 2.861884480682687482e+01
4.572372140196891621e+01 2.640491867873450360e+01
4.271142484756549607e+01 2.215154400046160532e+01
8.417986441307617440e+01 2.262411261108881178e+01
1.769804987866442048e+01 2.466419933084108607e+01
3.793572115190904270e+01 2.312348885736800952e+01
7.996833818904575253e+01 2.478314184965176636e+01
4.227765298522336934e+01 2.474899132384451761e+01
6.544617655995178040e+01 2.619756467969410352e+01
6.822778872401791261e+01 2.444538845160138507e+01
4.392680552411334105e+01 2.530326433427275390e+01
4.415674786274627905e+01 2.223977952058307039e+01
4.119110072205449313e+01 2.532451807856405068e+01
3.574158763260465577e+01 2.186267762505957180e+01
5.374119813340748664e+01 2.157014809066289374e+01
3.297602232790876542e+01 2.159974636629113576e+01
1.966618428518532369e+01 2.116588175243146352e+01
6.751905107104951753e+01 2.375263447917957293e+01
3.466259681158425821e+01 2.319034974832424467e+01
5.327957941908376682e+01 2.631644398393875761e+01
5.401957499294196907e+01 2.471417444457349433e+01
5.172987987272961163e+01 1.837166264859889964e+01
4.194053810734563115e+01 2.459211501036193681e+01
3.228947863701701237e+01 2.302021127256250566e+01
4.403418683014476898e+01 2.377414535204605528e+01
8.712874158224578025e+01 2.348545194354571208e+01
3.393559876871455572e+01 2.459973400189648629e+01
7.533615150208244415e+01 2.180055560994670927e+01
5.136454042925075925e+01 2.472396670717822431e+01
6.012425218943281635e+01 2.414062716025242494e+01
6.531194303396718226e+01 2.073770533961962315e+01
5.766287110401550109e+01 2.496327890747365430e+01
5.210461665749848237e+01 2.262281404272093610e+01
4.994173573938236643e+01 2.459757779921101317e+01
3.668834822040487609e+01 2.845640753216151708e+01
5.456686331940991863e+01 2.340935152023867616e+01
2.737501076232185682e+01 2.029555089099241272e+01
4.239524231180314473e+01 2.608440466897179988e+01
7.142049225770693965e+01 2.599232959851084601e+01
4.593785428778698332e+01 2.544226074146826022e+01
2.972274533622121240e+01 2.383546952167451849e+01
