9.937978579895775511e+01 3.525209492037531334e+01
8.937847754089763441e+01 3.371966324096081280e+01
1.101298442473704426e+02 3.495330663958508666e+01
1.288153132086048061e+02 3.462414932483098085e+01
1.241916542048155350e+02 3.475203274815036991e+01
1.001210469815155761e+02 3.198228320446150619e+01
1.262610342785130513e+02 3.438655614936484284e+01
1.171613046375050686e+02 3.336828315068805750e+01
8.691039812649965768e+01 3.188930162866174811e+01
9.983174769806959148e+01 3.181620222325892655e+01
9.045062847551203333e+01 3.391985747769744108e+01
1.359791347237381558e+02 3.096711919049339556e+01
8.528584014360689025e+01 3.243626581672649678e+01
9.796095395318796761e+01 3.240685375035022986e+01
1.152392258558836602e+02 3.466787566728451253e+01
1.288942965388168034e+02 3.951127697758596469e+01
9.255609060165893709e+01 3.216637564485665735e+01
1.279977801933193291e+02 3.442056463395389443e+01
1.310122732577233933e+02 3.948919623319834216e+01
7.848493796137015011e+01 2.773023554798697532e+01
1.119550849530827747e+02 3.378743611585532136e+01
7.984271839361223044e+01 3.162480177338838772e+01
1.038551288887068580e+02 3.126573546368793899e+01
9.879055796796494349e+01 3.467771624025065336e+01
1.149000165310225015e+02 3.178704871964065859e+01
9.334105576039166863e+01 3.530615685681465976e+01
1.002118794769774013e+02 3.428831626206796557e+01
1.259615159495064489e+02 3.828848017964830319e+01
1.047728762609771280e+02 3.072708362119379188e+01
1.119498865287961848e+02 3.517859271450587499e+01
1.160881203339543219e+02 3.322103474463497719e+01
8.639810814472039624e+01 3.462214454288193366e+01
1.117903268251326381e+02 3.659293201242021354e+01
1.313887587959352174e+02 3.994968265927867890e+01
7.288988006740984815e+01 3.061657915414814823e+01
8.415244915584202090e+01 3.083553934800635687e+01
1.270256120339295620e+02 3.422545346869563332e+01
1.225046050913036311e+02 3.292909084093834338e+01
9.141674861075425440e+01 2.838926041613406781e+01
9.982444415565430518e+01 3.070849572504723923e+01
1.310887643524963551e+02 3.604394061742541311e+01
1.198701796424195862e+02 3.678600375651250687e+01
9.648588027862921024e+01 3.188409610003243344e+01
8.908147956385528232e+01 3.084310664723833284e+01
1.123695117214710706e+02 3.470674375527993050e+01
9.891952533847084794e+01 3.503554666516117067e+01
7.680293218495273777e+01 2.880390438828953847e+01
1.126059571261794332e+02 3.816926919077187108e+01
1.216517980247842416e+02 3.319435887783380679e+01
1.062953037854476577e+02 3.350237714653850674e+01
1.191385775203042954e+02 3.567116343325967875e+01
8.867296664770259440e+01 3.380572526488342788e+01
1.373812215625647468e+02 3.673682566981163689e+01
1.120124782546493520e+02 3.410434513418517355e+01
1.119861395640569555e+02 3.464265418301800992e+01
1.094632845800794883e+02 3.558760558913642313e+01
1.037297007998962641e+02 3.244641529619381259e+01
1.278789344109200243e+02 3.359400635688099612e+01
1.026386813686593769e+02 3.073315294967874323e+01
1.033525338156242128e+02 3.066356785631450421e+01
7.384478687960027798e+01 3.312303285210690262e+01
9.924910078870581742e+01 3.429215810805425946e+01
1.300918077133246129e+02 3.423861975963924920e+01
1.107633900274780387e+02 3.142415608654413717e+01
9.763267203702147867e+01 3.587160896417265121e+01
8.264889764271340766e+01 2.904490120903481198e+01
1.156675534578700137e+02 3.569319253671703507e+01
8.537356791630519126e+01 3.511426867373543814e+01
8.491227818235056191e+01 3.567196287493663931e+01
1.034552737146260881e+02 2.885731021330065715e+01
6.779916472175321474e+01 3.619206967477308723e+01
9.776244654762975017e+01 3.201730127023886041e+01
8.590919818933960528e+01 4.124174648461847426e+01
1.134651740010541801e+02 3.615776747984988759e+01
8.848293351519529892e+01 3.309281343887745663e+01
7.688653415711856098e+01 3.733023197069394428e+01
1.205897249984199391e+02 3.311252733303495432e+01
9.631145101728434099e+01 3.156443980207287581e+01
6.774858202603165580e+01 3.066377931865117290e+01
1.035613968920977896e+02 3.425215218092009195e+01
1.087567678964026214e+02 3.551580458210060698e+01
8.746723367356071321e+01 2.976914372935384279e+01
1.243148828705450057e+02 3.433741657999676988e+01
8.892473525356406583e+01 4.042621882885686802e+01
6.760862990793806659e+01 3.010919338851582694e+01
8.364181594287319399e+01 3.051635909019640991e+01
1.127460436716097405e+02 3.515906992257927755e+01
8.979979749059035044e+01 3.151503677606865139e+01
5.662553772837217281e+01 3.359812478751985765e+01
9.707049758696433628e+01 3.112016326045742431e+01
1.108745444168916663e+02 3.369299880326572350e+01
9.458851701212496721e+01 3.266000463778539142e+01
9.052842401499700031e+01 3.332514984680850034e+01
1.064735871692833911e+02 3.656566954328860675e+01
9.836051122190416152e+01 3.444085370886524089e+01
1.135948135225451381e+02 3.999048029101729895e+01
7.820536622176624064e+01 3.391622372908107508e+01
7.723010064090954074e+01 3.358350477210647966e+01
8.588963450230404817e+01 3.098056251526007188e+01
8.969759385253840378e+01 3.254829437003321146e+01
