9.578227536921905028e+01 3.011999886633919132e+01
1.230692744203264368e+02 3.174191801809907787e+01
1.175458271757422040e+02 3.549258656323378602e+01
8.510768179027010660e+01 2.963492312609352197e+01
1.271574223986383458e+02 3.314251445858346301e+01
7.194410099450519169e+01 3.226375197834199327e+01
9.626881358176065362e+01 3.360159143346120914e+01
1.045626595289746064e+02 3.412278375160371269e+01
7.371679843105204100e+01 3.590041368380096287e+01
9.072519732167360473e+01 3.919619360612891512e+01
1.666621044273344694e+02 3.707839793496318492e+01
7.249061714487055497e+01 3.244066008388706024e+01
1.128216251693671524e+02 3.459524465622919820e+01
9.159117724212556766e+01 3.376177770251760535e+01
7.569933799564530830e+01 3.340311655722879181e+01
1.094176043657464277e+02 3.402944193250184668e+01
1.180090512545425412e+02 3.311277918960310274e+01
1.056340463890908978e+02 3.707712402688635223e+01
9.006229228950648746e+01 3.762688297074999610e+01
9.676728547177444284e+01 3.191617731759719945e+01
9.509459900665771670e+01 3.099932865851349817e+01
1.247421896704710775e+02 3.040667706199045384e+01
1.179668015668626708e+02 3.617489917545645994e+01
9.573528049685533858e+01 3.517054745792298576e+01
8.206238108964639366e+01 3.431171041175937830e+01
6.771419578693503638e+01 3.317042150682212309e+01
7.987585587612076665e+01 3.378250122210043571e+01
8.619939301013589272e+01 3.033641554919501715e+01
1.034801082298317993e+02 3.158358361234001421e+01
9.539706536744152743e+01 3.798185838914820778e+01
1.063253900117090609e+02 2.888030599113731611e+01
1.072098251816273660e+02 4.059248001636107261e+01
1.186033040849383156e+02 3.648683569654583181e+01
1.052685419909924747e+02 3.278163803221667649e+01
1.123010202507796009e+02 3.558762910185530615e+01
1.116426242037717742e+02 3.105227497966586725e+01
1.070394947524010689e+02 3.500998659284623216e+01
1.288015727924798455e+02 3.624462670977764844e+01
1.507345796540213314e+02 4.082869743468648949e+01
1.031472224522762957e+02 3.255508469919632120e+01
9.690098046164241907e+01 3.104597271558646554e+01
8.580239841667088285e+01 3.207878132425559414e+01
1.006233985122464816e+02 3.650065861417503754e+01
1.014564832560786414e+02 3.489773998195263971e+01
9.210451353187863788e+01 3.653809486003004992e+01
1.342689510028223481e+02 3.569253746351919432e+01
1.193414767518173392e+02 3.082795016241633235e+01
9.222259522056512537e+01 3.208123973822491593e+01
8.734544305710545586e+01 3.209873477538015862e+01
1.438953545722544334e+02 3.591007749266620408e+01
9.419767282158584010e+01 3.698790505847577492e+01
1.429453897066158845e+02 4.076493754969466465e+01
1.036644901352919561e+02 3.409385475910013241e+01
9.782581049484359426e+01 3.673465082631020096e+01
8.572390622280221351e+01 3.225018001829094771e+01
1.295759149507161396e+02 3.786009584984350340e+01
9.986327446296765231e+01 3.510312612117178332e+01
9.682274849215505697e+01 3.208463475098275808e+01
6.131224663169514599e+01 3.334328676061743124e+01
1.094288978023460146e+02 2.970241696030909040e+01
6.884505275820662007e+01 3.179361027076219059e+01
1.162026173061064043e+02 3.695979280177985515e+01
6.686496001011158796e+01 3.379412993878666072e+01
6.091803247997154358e+01 3.562102271674685738e+01
1.359571991567397333e+02 3.676887846700021356e+01
1.140076919236939688e+02 3.428927753283818447e+01
1.129337032289189722e+02 3.338793228533909740e+01
1.105147427435402960e+02 3.647562340669642111e+01
9.991575521107334623e+01 3.251477135012892461e+01
1.173083809192609976e+02 3.474421680781994581e+01
1.115805411893951486e+02 3.408382677033630870e+01
1.087072570543443533e+02 3.284763745506631949e+01
1.106276815103975082e+02 3.560248960314680033e+01
1.078810805773450028e+02 3.175620347749112327e+01
1.287755860613958987e+02 3.627400946993874697e+01
7.629262586113736688e+01 3.513877101334314546e+01
1.219426557292193110e+02 3.181337922122899897e+01
1.391101197044475271e+02 3.436404525991570580e+01
1.295704991442942458e+02 3.170719908370122653e+01
1.108132617054780695e+02 3.165902680739503694e+01
1.253379104167179179e+02 3.295719663188604187e+01
1.164083631225961710e+02 3.217251137967501506e+01
1.026697685413230516e+02 3.434890167073499612e+01
1.181056204324681147e+02 3.964283990299130522e+01
6.471788847172933856e+01 2.994573913843154500e+01
1.488176068926136395e+02 3.452966721463002386e+01
1.156383562054749774e+02 3.244172691047949542e+01
1.174806503278750398e+02 3.652932775081389138e+01
1.542307656875215685e+02 3.585108061506242194e+01
1.024260268102998310e+02 3.329689205002438257e+01
9.845352395563800485e+01 3.383789782183513495e+01
1.389375526203509992e+02 3.339858401540841726e+01
1.372784320453272358e+02 3.379333284686674688e+01
1.127265588275927115e+02 3.149113525795045021e+01
6.763259297945320725e+01 3.549543283583376763e+01
1.150226508072836822e+02 3.384287383231882984e+01
1.214935574237075855e+02 3.715258393679106774e+01
1.110054306493584306e+02 3.527125321356062670e+01
1.076440612489531787e+02 3.101657425914833155e+01
1.603423578024094525e+02 3.402594545264596348e+01
