2.084119452895575009e+01 1.849367928782510617e+01
2.949100278675411246e+01 1.887134308154081452e+01
2.118938838108369893e+01 1.781993857806704185e+01
5.474903185142329676e+01 2.029875277948676526e+01
3.124041495208648911e+01 2.083037884211656987e+01
2.984291985126801450e+01 1.548998227683710738e+01
4.357960118358629131e+01 1.834950315455067482e+01
4.127380144420271080e+01 1.669425846621755483e+01
3.235418585041337991e+01 1.760120556697770411e+01
2.281341299601506023e+01 1.902351347286564476e+01
2.039822763616185242e+01 1.635929187130418683e+01
2.758578115578421830e+01 2.061044472199621680e+01
3.329356458535083618e+01 2.554762165632633497e+01
4.797640424941793214e+01 2.200339696982463167e+01
3.620483340336068778e+01 2.065776834343188639e+01
3.623090179063238025e+01 1.945578826496756264e+01
3.610222755056137345e+01 1.816315485754851622e+01
4.945573805171274273e+01 2.221079933055585087e+01
2.541306254363835393e+01 2.028778007567822428e+01
4.307824970019952104e+01 2.096982177916745016e+01
4.762630307271600572e+01 1.987324506585750328e+01
2.206164271227223139e+01 1.661656690766587374e+01
2.692530600954108522e+01 2.931819188926300868e+01
2.382671951464840632e+01 1.761983442899854424e+01
2.937530436936399170e+01 1.769575299415342329e+01
3.098985414568339891e+01 2.016814654239970039e+01
2.622210088473191547e+01 1.785250340410803815e+01
2.984158024178239188e+01 1.964032954306407674e+01
4.372571885860369889e+01 1.948135261235757199e+01
1.551758495715716357e+01 2.239507214998888784e+01
3.826561890844254776e+01 1.849581357289518380e+01
2.372271063497656840e+01 2.327630342842417477e+01
2.248979448501354383e+01 1.675941659948259144e+01
2.747031844091500474e+01 1.733983144957071687e+01
4.455543803217631194e+01 2.162670878006941422e+01
4.091116324027711215e+01 1.785552514279133263e+01
4.277052616913036331e+01 2.049151748723528854e+01
3.942939720611586552e+01 2.184107238819231256e+01
5.517896376872894848e+01 1.560281045150432888e+01
1.662671592243422225e+01 1.606620904181640341e+01
4.368676787012822160e+01 2.152795966272146799e+01
3.243020709331738516e+01 1.662082080403584428e+01
2.508946247337233615e+01 2.117743858019556313e+01
2.052436555685445185e+01 2.222290096038011953e+01
3.650695733009368382e+01 2.058255603093340724e+01
4.632388963869175313e+01 2.269901139269866874e+01
2.213544500338123555e+01 1.902219013969349248e+01
2.803859905037138844e+01 1.606782034666066394e+01
3.984901811209367395e+01 2.404553351377905202e+01
4.730033656251586649e+01 1.702298567368227467e+01
1.817953550660593010e+01 2.236611431526096183e+01
2.232517799464981678e+01 1.923316806642426968e+01
5.689160531602193061e+01 2.473498344122524273e+01
2.900536960826714150e+01 1.885719554056879943e+01
3.831610834134694699e+01 1.764109757251119959e+01
4.821945359005160725e+01 2.144670881703814658e+01
3.829838315009725136e+01 2.140360186751183136e+01
1.618587769356191686e+01 2.086297822076124575e+01
4.327867338236907813e+01 2.013783030655969952e+01
4.197252594425791727e+01 1.788795926073559883e+01
2.122090256427580357e+01 1.760956407159260451e+01
2.792930503641819939e+01 2.308690897399537789e+01
2.281834028404919579e+01 1.992687288361276998e+01
3.536047104652671891e+01 2.398794486868606413e+01
3.062728094505232335e+01 2.155064190220829090e+01
4.301583602304548037e+01 2.353823775920943717e+01
4.159098279107805496e+01 1.778791526876977613e+01
3.372708788882877684e+01 1.992633287604101966e+01
4.461925082670477849e+01 1.949113083879133157e+01
4.497029058878005969e+01 1.857665667301425572e+01
1.074471472919442228e+01 1.881958308151198267e+01
5.859774272233374859e+01 2.019715975767940819e+01
2.785652705717576438e+01 2.017425280115729791e+01
5.609754698246694460e+01 2.540293313791459084e+01
4.062035734010610355e+01 1.978664617232977108e+01
3.073296829390386620e+01 1.765956635549678566e+01
4.481163583746869250e+01 1.728694640634491719e+01
5.843834897060371958e+01 2.189270717278372302e+01
2.632274599055799769e+01 2.030404877093336680e+01
3.597615121616610878e+01 1.854091578412058894e+01
5.360722985840265409e+01 2.178183760974720329e+01
2.976238160139714495e+01 2.068925840304169839e+01
5.043569390886354853e+01 2.095290317090465138e+01
1.706312441411811776e+01 2.183911195522759741e+01
4.144581752305141720e+01 1.978044416635745861e+01
2.515417602463127622e+01 1.855188394120132500e+01
2.693676329235070099e+01 1.999627663520834986e+01
3.264430109638999511e+01 2.063260331093087885e+01
5.098566400974154789e+01 2.305421483929535853e+01
2.713019159467003760e+01 1.556152884399254965e+01
3.204977706232331514e+01 2.302750182044803395e+01
4.452627981507082211e+01 2.588788158054079602e+01
4.765909998966241545e+01 2.507575402206538584e+01
5.779199781273791814e+01 2.181018577526817737e+01
3.510529400497869545e+01 2.368005269701003712e+01
2.746617233607436503e+01 1.460867632712250419e+01
2.551897311167032001e+01 2.165326033237838743e+01
2.900033919303512775e+01 2.157897832144731254e+01
4.237780622796739038e+01 1.917933519471602466e+01
3.526828006811045668e+01 2.200949940119162918e+01
