1.551280157227920711e+02 4.160867143755290698e+01
1.587424028605487365e+02 4.102865350907937625e+01
1.397095694618256800e+02 4.155862044912689868e+01
1.674848182183166614e+02 3.911845157703591980e+01
1.694073423778356471e+02 4.235788579112660557e+01
1.609255844467124064e+02 3.568753336980665125e+01
1.344364106651175632e+02 3.955146779255294831e+01
1.395986893811165714e+02 4.000125197593771276e+01
1.238939377153233323e+02 3.778195573239361948e+01
1.492312344462548879e+02 3.468340433841419923e+01
9.024395680216453286e+01 3.619518580760190218e+01
1.282024743401447324e+02 3.912430483465213626e+01
1.075919338744560321e+02 4.076595183961868685e+01
1.376616787069539214e+02 4.141832008925584319e+01
1.430946195142046804e+02 3.937914245370645006e+01
1.157620748190882125e+02 3.594993120030984812e+01
1.445532910671724665e+02 4.000883751539617350e+01
8.919617068236361490e+01 4.047181864368109672e+01
1.290520357660136312e+02 3.886995617235912448e+01
1.105429406367385781e+02 3.799799977560260800e+01
1.008427171768554444e+02 3.630107864643508719e+01
1.495291056286393143e+02 3.725568357749254034e+01
1.636134684800818491e+02 3.973271379419509941e+01
1.233406190165861460e+02 3.604286784146219702e+01
1.398282665142025394e+02 3.434566935486246564e+01
1.337707358413856582e+02 4.157352324134711807e+01
1.678471782448321790e+02 4.279732735907292351e+01
1.225533199633776178e+02 3.717391574813677124e+01
1.243804568993044768e+02 4.030842929850601308e+01
1.376103056406228404e+02 3.943481031943336745e+01
1.570385125288417498e+02 4.107399465539620564e+01
1.247179384742600092e+02 3.800415244822616501e+01
1.180866764660635226e+02 3.773229032907998715e+01
1.678411956652249160e+02 4.008239584076422091e+01
1.280961211802241166e+02 3.665450878795768119e+01
1.542255134438278503e+02 3.780922718706540309e+01
1.371075595425948848e+02 3.810396080479603143e+01
1.175825848394966897e+02 3.831317286812585365e+01
1.363421088276649868e+02 3.560459660013442118e+01
1.253629249846655824e+02 3.675186412152199722e+01
1.286094583678076617e+02 3.772616972136604119e+01
1.196532888105465133e+02 3.886316820106208780e+01
1.894564326548137387e+02 3.980998271484333628e+01
1.517775965576229282e+02 4.253587914292133831e+01
1.334352255084569663e+02 3.843884046355038464e+01
1.329217889074933225e+02 3.891651999188620437e+01
1.482110754724768356e+02 3.824373241954624092e+01
1.460798835920029717e+02 3.231939933606227555e+01
1.474818900858082031e+02 3.815500496497514149e+01
1.680209204608715083e+02 4.136568533041686635e+01
1.445096286091587956e+02 3.802872689112307114e+01
1.072565683639452345e+02 4.403569951535107663e+01
1.814908046204043615e+02 3.830395569288464230e+01
1.481065806760927330e+02 3.954906079476009495e+01
1.277282216680714697e+02 3.855228005593993146e+01
1.087907953811754425e+02 3.811644629199654588e+01
1.609240306486407519e+02 4.047317447670822332e+01
1.383238602405208439e+02 4.363695006693620115e+01
1.559899332885649414e+02 4.098376971537797431e+01
1.424179598881564175e+02 4.151548031898288826e+01
1.172917062246767301e+02 3.756814702377362636e+01
1.626716938996621593e+02 3.746334562573996863e+01
1.153782771937017628e+02 4.022521428773008267e+01
1.297898250583189679e+02 4.197603935774503725e+01
1.330283438491962897e+02 4.081226572789665852e+01
1.102094702991170294e+02 3.645902326546230654e+01
1.573682014954779902e+02 3.984688718982871336e+01
1.597124048083495325e+02 4.251667354080351657e+01
1.685799631259880584e+02 4.181087128105814799e+01
1.393824708333116291e+02 4.189832342243390428e+01
1.035951711613687394e+02 4.018103286924205975e+01
1.202376213582308253e+02 3.697378838158535075e+01
1.814030296293173876e+02 3.754009148630689907e+01
1.476783787516035034e+02 3.473041998974974831e+01
1.272572423045592416e+02 3.529922664382669240e+01
1.242237022620635969e+02 3.372017711801005646e+01
1.013518352307996366e+02 3.909744308958709524e+01
1.733257080921984823e+02 4.332762598408888977e+01
1.449328519830633866e+02 4.241468007089655146e+01
1.573000516550151531e+02 3.992829748546524371e+01
1.487246606757442748e+02 3.828054755519420382e+01
1.328760021928961521e+02 4.193462037992625113e+01
1.125679778490943619e+02 3.583923477109011912e+01
1.619132267409857491e+02 3.870729838459792660e+01
1.376115243445935334e+02 4.083833698956304659e+01
1.341502978021428589e+02 4.057941774173207961e+01
1.250703794450788706e+02 3.962700269135142861e+01
1.214216304009831759e+02 4.189682321435394385e+01
1.563876510335454668e+02 3.999616810454867277e+01
1.473113048499455431e+02 4.437474891832145119e+01
1.175942182070914726e+02 4.023210014370265952e+01
1.619960237230029065e+02 4.163492596704266901e+01
1.099477705207012832e+02 3.839320887053114717e+01
1.680695684975341635e+02 3.860496451944393215e+01
1.330022826443675115e+02 4.717149598911575481e+01
1.139413477073900225e+02 3.417030823541399798e+01
1.596819338340091008e+02 3.863977919521870064e+01
1.581075204350908621e+02 3.793716088571900968e+01
1.614483550789986168e+02 4.697542248088182504e+01
1.734093820043926542e+02 3.915901025313034722e+01
