4.320663647681495689e+01 2.024048270493041812e+01
9.069627824316091491e+00 1.408345447175147847e+01
4.074436523243391406e+01 1.526184128355198055e+01
2.732786898983953350e+01 1.824838631047520465e+01
2.580057419807936370e+01 1.817899554704743537e+01
1.473150304300576963e+01 1.761958679441257658e+01
3.278009379153324687e+01 1.667066497143116521e+01
2.055095563771975620e+01 1.545751609081518296e+01
3.623884282708121418e+01 1.755464309171787818e+01
3.504231814645218179e+01 1.493076723474807821e+01
2.013326895522137150e+01 2.051208251326504239e+01
4.538643952377441337e+01 1.544892396715920846e+01
2.914012674277669390e+01 1.756040729710006687e+01
3.234065946101836175e+01 1.916152506379843601e+01
3.263997575784711103e+01 2.055428253455477261e+01
3.301337350557269446e+01 1.597207093940017408e+01
1.962371573974105132e+01 1.831262523488129190e+01
2.153736668965911250e+01 1.699403890149024932e+01
2.887917695712876665e+01 1.864208778105172826e+01
1.649494511852768142e+01 1.638918797054280319e+01
2.836639708266248405e+01 1.950790828037026614e+01
1.875621495465565403e+01 2.095199581715996118e+01
3.554888268221985470e+01 1.938982614404726945e+01
3.330350386788531836e+01 1.425626672465865852e+01
2.945433995528210147e+01 1.626809990392176886e+01
3.873500288249993417e+01 1.671292882038668637e+01
2.514857692049493210e+01 2.038692149989147850e+01
3.753317314070338284e+01 1.868724357750893716e+01
3.782170271665061279e+01 2.422969923363933731e+01
4.344584695967688504e+01 2.078150117210718051e+01
2.640917343568268549e+01 1.549282776497689973e+01
3.644342339494142635e+01 1.874596868089538759e+01
2.942952841529755403e+01 1.842854550734632468e+01
2.534130601758341328e+01 1.909112980010833027e+01
1.769312111602486226e+01 1.962082767827884666e+01
1.349138635532489339e+01 1.777827887697221243e+01
1.704183006051119165e+01 1.635547261471141312e+01
3.246222360252938444e+01 1.821553348597494448e+01
2.921943147084370551e+01 1.971422239435932156e+01
4.441728467602083441e+01 1.866311138320636331e+01
4.044797341990949491e+01 1.431589727012014635e+01
3.083744227789426873e+01 1.715877065443160276e+01
1.387431120562826337e+01 1.519109718372357598e+01
9.290112725850981690e+00 1.440892525982010497e+01
3.571242593772035434e+01 2.415568883756973761e+01
2.884114428784035766e+01 2.018465667629185845e+01
3.443128617762185684e+01 1.813557281926402354e+01
4.703140173807843638e+01 2.043555235511316681e+01
4.214341751872302666e+01 1.997543740689436476e+01
2.855309019351443922e+01 2.112434329848749925e+01
5.121041916759756418e+01 2.041005326567823630e+01
4.071678264710270412e+01 1.529422383847584221e+01
2.625179501494868362e+01 1.805976130861247952e+01
3.613582629672403357e+01 1.891809151341139383e+01
2.772516576804328992e+01 1.570334241280382415e+01
3.316446970013001305e+01 1.452248877905533675e+01
3.332385454288430537e+01 1.622399165566435286e+01
3.654904575161063462e+01 1.787613379434387895e+01
4.112003772016080205e+01 1.938949847133048010e+01
3.439115656099813378e+01 1.920504875205477191e+01
2.518949611410655365e+01 1.868049361988045831e+01
3.988041544116536663e+00 1.810797893621753119e+01
2.011508048741420041e+01 2.060636996185087710e+01
2.197644283206600235e+01 1.605084391297220492e+01
4.021128869243130843e+00 1.600213321410766554e+01
2.989590876009175702e+01 1.591971318546789682e+01
1.951686214730983338e+01 1.892119792631064001e+01
2.844063454546414604e+01 2.093724598268579840e+01
3.363590046482865858e+01 1.384762086978073370e+01
2.398941855141310242e+01 1.590210257326566179e+01
3.091978989902331421e+01 2.032577953718874753e+01
2.998565136506578455e+01 2.447836562662156368e+01
3.899827725448442095e+01 1.578314923394591496e+01
3.942997499004840734e+01 1.936808126697291854e+01
1.189384313815062555e+01 1.686895468066938975e+01
2.228968873193734979e+01 1.492113498899767166e+01
2.178224256281569282e+01 1.872909955346592881e+01
2.894499896637068659e+01 1.949032334200698813e+01
2.251972140385117882e+01 1.850747345101120800e+01
3.016213445779437308e+01 1.996414592700898183e+01
4.520687138986502873e+01 1.818511823062219790e+01
1.627673773640066912e+01 1.575864672825387736e+01
1.457910075173067455e+01 1.967248792126964929e+01
1.450650719971723390e+01 1.862354596416423647e+01
3.469421367559660041e+01 1.956848257628496057e+01
3.609198568579747501e+01 1.824564515810330789e+01
1.581522556462956963e+01 1.425804472755958230e+01
2.313365111420188924e+01 1.837664263309602930e+01
2.328722444401252289e+01 1.692837471493370671e+01
3.680006399289035102e+01 1.802461807539302185e+01
2.947605983199972002e+01 1.788872960458371253e+01
2.908528929602190161e+01 1.721253169249407833e+01
3.628883777024730506e+01 1.796934517373346907e+01
1.774699366119908461e+01 2.094729336340918380e+01
1.146891998660301404e+01 1.639859664133418349e+01
2.285303765989356606e+01 1.934224873176436788e+01
3.193884020465506879e+01 2.082507465164617244e+01
3.391773839702318583e+01 1.717289230653427978e+01
3.806431053734608838e+01 1.862369744088220713e+01
2.536670000588532758e+01 2.090227170257762523e+01
