5.923915453631733641e+01 2.615377904459357694e+01
7.646032606443671398e+01 2.796661056737784534e+01
8.138843548683956897e+01 3.227839076074999269e+01
7.749804497400694459e+01 2.910622846670173303e+01
7.480882985173215616e+01 2.762373580447470900e+01
9.609295196747690682e+01 3.983695690273103196e+01
5.119803627153552128e+01 2.604412038716849764e+01
6.712545028220313270e+01 2.929921693624340051e+01
4.374128945998712226e+01 2.375385954988967896e+01
9.882900503409551618e+01 3.394838438327115426e+01
6.977140146435294810e+01 2.932025371701003991e+01
5.442428654407686395e+01 2.712654510805129604e+01
7.582062227520894737e+01 3.109889479736398243e+01
9.837726463888303385e+01 3.054078797373578524e+01
9.455134958545868074e+01 3.247692146542869551e+01
6.936583381641189305e+01 2.839648514343251762e+01
9.228003675131571981e+01 2.950694151252153574e+01
7.390994438689902779e+01 2.758698801012115709e+01
8.740967571372553380e+01 3.053056527523192898e+01
7.825641635435090393e+01 2.987617560533905348e+01
6.338431454124096831e+01 2.959440373779767697e+01
9.173821392871276714e+01 3.279818441127726203e+01
7.038660089301056644e+01 2.846371008933402535e+01
8.348680643146049363e+01 3.124551315159215292e+01
8.578562676079525318e+01 3.024683881146065190e+01
5.826710546152288117e+01 2.659409976189271063e+01
7.406011807405448621e+01 3.233767506638650246e+01
6.059030769861474397e+01 2.800451542839480368e+01
6.037831544274154538e+01 2.505462948364393583e+01
6.022781599986927148e+01 2.955196977836549266e+01
5.890312429885802459e+01 3.278389923886718549e+01
9.940950332582373505e+01 3.146688692470800319e+01
6.074154137023985101e+01 2.975037685704414869e+01
5.578909533184894798e+01 2.458950784201775264e+01
8.401959638428436961e+01 2.895423774934024053e+01
8.021712012480519149e+01 2.626596830369398106e+01
7.055083687570935069e+01 3.091643603557927733e+01
1.025704848223749792e+02 3.179276978397028586e+01
8.386844616626258642e+01 2.980572501847293054e+01
8.904046260138524360e+01 2.552085773232506227e+01
3.951352483285614170e+01 2.972865756449096608e+01
9.762264921429250819e+01 3.049896434533179246e+01
8.970365667391936881e+01 3.062284054252723209e+01
3.782474181840037630e+01 2.713103055240505057e+01
4.203473151507106564e+01 2.454899066616010117e+01
6.157738621768788789e+01 2.528250512104259684e+01
8.091832785277050277e+01 3.312697234812718250e+01
8.702770675865046712e+01 3.274210011715892676e+01
7.249025629374700941e+01 2.673333236546494263e+01
8.123187917803706171e+01 3.046387293279438424e+01
1.052017626286612568e+02 2.823079962249150654e+01
9.851974472394455518e+01 3.196194753028434832e+01
6.767356013180473440e+01 3.099113012217853935e+01
8.966486294006321600e+01 2.896805215974677594e+01
9.030838408882029000e+01 2.791358015031809359e+01
8.174286752159487435e+01 3.047732332531600719e+01
7.243991539115498313e+01 2.529274948107516963e+01
7.431323039262352381e+01 3.210223745767213899e+01
9.295288397748993248e+01 2.904643429925523535e+01
8.545140346341275972e+01 3.137822696153697777e+01
7.109692205246143715e+01 3.024910599552622514e+01
7.378556318405802017e+01 2.987217777115118267e+01
7.685217173484218733e+01 3.112551066048511927e+01
6.170711051852077844e+01 3.025524881945975153e+01
6.617968785487308025e+01 3.000101410759240750e+01
5.236864986566148872e+01 3.284903291144037496e+01
5.034302311388179163e+01 2.844553584715650274e+01
1.184952962073883498e+02 3.211234773507793250e+01
7.759191504627102631e+01 2.688923156608705156e+01
6.303966983121219414e+01 2.629973773294489803e+01
9.412905490813095355e+01 2.705206910882023053e+01
4.642930933098923418e+01 3.216970259348073569e+01
7.806579498960418562e+01 3.147716438035773123e+01
8.132835088163940895e+01 3.024865649032053483e+01
7.092866926671942451e+01 3.230475267179379273e+01
2.577204925009250402e+01 2.813746297277862851e+01
1.005633535905257787e+02 2.650016040193295552e+01
1.102538766943719253e+02 3.350209210378130109e+01
7.006565742316472267e+01 3.099695657655942327e+01
7.407750723689692052e+01 2.886254619615297301e+01
5.824957773498437774e+01 2.932220158162619938e+01
9.095436675920493030e+01 2.999354107932336788e+01
7.823452926231348670e+01 2.802053843179833237e+01
1.045864992414149555e+02 3.505140865341466849e+01
9.380986919610953123e+01 3.275229162694268581e+01
9.237438792262912557e+01 2.792669669153138656e+01
6.449346200931438489e+01 2.413497663918261438e+01
6.967122858948258113e+01 3.016915639666386184e+01
5.166019932463235165e+01 2.518794839076885594e+01
5.545564092428429603e+01 2.648075916948167929e+01
6.342338859819271590e+01 2.997773366201260714e+01
8.438404060611527768e+01 2.683446251006820304e+01
6.788125317812291826e+01 3.150455786217901988e+01
7.499623017534429437e+01 2.433695318162050114e+01
8.628790658027681104e+01 3.306330501787792286e+01
4.952679226947216051e+01 2.714291897318293678e+01
8.771702774520232992e+01 2.998266728020150751e+01
6.611291408689373839e+01 2.727428949854180118e+01
1.052043501090606412e+02 2.676083820848974781e+01
8.139385820732698562e+01 2.995154561566560503e+01
