1.604844522861762925e+02 3.959392915870151342e+01
1.928989495769183975e+02 4.441884795816207543e+01
1.427570264004166347e+02 4.423570670473246480e+01
1.910691319090857974e+02 4.513542948721801906e+01
1.318921836092347917e+02 3.796450993523330908e+01
1.643835551525012022e+02 4.281391729274914582e+01
1.614568518021952741e+02 4.292803733763862795e+01
1.459040068605496572e+02 4.272149486566047472e+01
1.365620736610756865e+02 4.248349487247385525e+01
1.757579568253442233e+02 4.017646937911354144e+01
1.446355001334053725e+02 4.348290450616411817e+01
1.179674410103112479e+02 4.195220241854406851e+01
1.557772684502073446e+02 4.646845214449727735e+01
1.398010696131427153e+02 4.602327581469441498e+01
1.645883433815633055e+02 4.184199541713391568e+01
1.576236039662771304e+02 4.141010530340671636e+01
1.598089626358553232e+02 4.369404941372929585e+01
1.809937042918058125e+02 3.914685106228816380e+01
1.434183122262531640e+02 4.478767012580412654e+01
1.540200941988813383e+02 4.111697102408248128e+01
1.566804646102949903e+02 3.940676161994925764e+01
1.392619971369894643e+02 3.892357670756464216e+01
1.502266308926328122e+02 4.366890350058746151e+01
1.686147177917970055e+02 3.859824141239482742e+01
2.015746810589992322e+02 4.298417322379719252e+01
1.712534707008024668e+02 4.320284772677395324e+01
1.652583117978088012e+02 3.987486954602646705e+01
1.722494173482349709e+02 4.351204060018584840e+01
1.239276364047697570e+02 4.159684792962070787e+01
1.856657903829722329e+02 4.087508748735834985e+01
1.823107344995408425e+02 4.056696897758278908e+01
1.745453027281812695e+02 4.308030130841638083e+01
1.542853150653454009e+02 3.750892611646382591e+01
1.336680577976183031e+02 3.751499836967144574e+01
1.228773674780999130e+02 4.121621010183966405e+01
1.837354146834616131e+02 4.213929299240942328e+01
1.968101330880940338e+02 4.599004667082174080e+01
1.855951712159750571e+02 4.368710505181523018e+01
1.503301456811559831e+02 3.694726218626944103e+01
1.579199529619665157e+02 4.066657557001066436e+01
1.879803362666685587e+02 4.518747200119082663e+01
1.825741739429872723e+02 4.202378997401657301e+01
1.999370639108648788e+02 4.163921304810811108e+01
1.653427476763739605e+02 4.325949195217649645e+01
1.649994135810285059e+02 4.398527561747425096e+01
1.448135806554554392e+02 3.815807977380164573e+01
1.834241536688220719e+02 4.669645873020223092e+01
1.764163808484796903e+02 3.799189227814741798e+01
2.002110611907516500e+02 3.856938702520668016e+01
1.614933433317784477e+02 4.594338304533342665e+01
1.263179390128032509e+02 4.081984957034899253e+01
1.999299838132026537e+02 4.195416667786249576e+01
2.223377755082517808e+02 4.237171673231750901e+01
1.899400263216108442e+02 4.658840171774291150e+01
1.337397602463486237e+02 4.368852551122384398e+01
1.648576411475296482e+02 4.579438390375636914e+01
1.452089696442448599e+02 3.909475079489741489e+01
1.493669463641438995e+02 4.091893898698032217e+01
2.460507919480789951e+02 4.150482797684652780e+01
1.727996465038368399e+02 4.072136518022727358e+01
1.750451884959421136e+02 3.802209496358647556e+01
2.056828452978550104e+02 4.130980884474752202e+01
2.138832096217821288e+02 4.452755988188226866e+01
1.754252860488647059e+02 4.334453710912089974e+01
1.686234403637217838e+02 4.567883539677035287e+01
1.567658947110382428e+02 4.271386593287543576e+01
1.424364815313245742e+02 3.987115841230860269e+01
1.490864808135675617e+02 4.149783670656913870e+01
1.591629427991961165e+02 4.020182126828937896e+01
1.685372572424770965e+02 4.466210840523299197e+01
1.577783636216119021e+02 4.417823362036595114e+01
1.596328373343613123e+02 3.826954517016582002e+01
2.097978583824711052e+02 4.280179691697297528e+01
1.661775273601047331e+02 4.445599696436346449e+01
1.826556768464611480e+02 4.690774415685815768e+01
1.834204889791866719e+02 4.622507975706884054e+01
1.658440692740318241e+02 3.739929806084083452e+01
1.699816646043334742e+02 4.044832252093516445e+01
1.894632427140568325e+02 4.298366475012734611e+01
1.528114255286651542e+02 4.375413692379765251e+01
1.620269736928965472e+02 4.682695317821303860e+01
1.057105981307720555e+02 4.078048604043751624e+01
1.587073503323185264e+02 3.959798909451113502e+01
1.979482406764797418e+02 4.333398838620639992e+01
1.160200788385669739e+02 3.996649032594569206e+01
1.773024181119335765e+02 4.488887899726726971e+01
1.639244962738811182e+02 4.374295096469352728e+01
1.926935567383463024e+02 4.441641310364496320e+01
1.788836950805167589e+02 4.299704859993814665e+01
1.446417183352135396e+02 4.347388691078331391e+01
1.636907706524555977e+02 4.145619370757820832e+01
1.947006520706720778e+02 4.836908791052860579e+01
1.407672169835731779e+02 3.840208954420489817e+01
1.768481278354966264e+02 4.354657842484865427e+01
2.058143060507676125e+02 4.177814183901033829e+01
1.378901185262731985e+02 4.065327819804225840e+01
1.568223726007672951e+02 4.030865101471182754e+01
1.897419376702670490e+02 4.472623519234120693e+01
1.698871845687975224e+02 4.224962896779172183e+01
1.649505677279604186e+02 4.203207136057353210e+01
