9.893778722986066043e+01 3.912436714702324991e+01
1.372810504104242284e+02 3.644030637639309589e+01
1.101770169651783533e+02 3.554617050247217236e+01
1.490857364991661314e+02 3.548673054593927390e+01
1.097966916483639324e+02 3.550861611684780428e+01
1.439180473346974622e+02 4.158160531858244724e+01
1.854717403308310395e+02 4.249930809611890936e+01
1.726754200330502442e+02 3.780103530667087597e+01
9.849725777822756356e+01 4.097815937548028131e+01
1.384348051712925667e+02 4.307308977324867527e+01
1.449233521600109214e+02 3.410781135828213451e+01
1.621171338430197864e+02 3.595216330858391274e+01
1.365162144839405585e+02 3.669357104905331113e+01
1.287480088954101518e+02 4.261638571248201401e+01
1.245824787225762407e+02 3.754343649961702312e+01
1.115503196198241511e+02 3.117855814344553878e+01
1.255027138589078817e+02 3.454651276876928989e+01
1.028828859728364620e+02 3.498366838776703247e+01
1.538352598755326142e+02 3.731345161762541807e+01
1.620892911052345653e+02 3.874356458806948922e+01
1.260701273334889976e+02 3.762672695687558644e+01
1.279513883768036067e+02 3.867893380427070582e+01
1.684319837365038097e+02 3.685142658179740494e+01
1.248430479180233590e+02 3.853333553462741889e+01
1.092483335656343968e+02 3.627208406397480900e+01
1.366141142317605102e+02 3.851024392548197994e+01
1.315152551297944115e+02 3.873525302422629579e+01
1.122767472884837474e+02 3.906748760577751511e+01
1.097100863654954566e+02 3.545253539397221232e+01
1.239341048768425821e+02 4.120195897533865548e+01
1.157763170082850905e+02 3.534618765766270343e+01
1.658492607879456955e+02 4.257752138337576753e+01
1.234592893418059276e+02 3.854526548180296430e+01
1.456187545832932244e+02 3.807323487650882043e+01
1.380775124972960555e+02 4.017187552996285405e+01
1.406010540594818110e+02 3.686414663237378875e+01
1.510843185457592028e+02 4.027451271500639507e+01
1.552341669106715756e+02 4.183735966578733212e+01
1.462240736566779162e+02 3.614116237562984679e+01
1.273566663239047898e+02 3.354658685655834205e+01
1.416004395707868184e+02 3.856225301228718649e+01
1.322923573730514875e+02 3.950750721631470697e+01
1.383473421060643602e+02 4.238012004320720649e+01
8.840704591375039456e+01 3.721193200708353288e+01
1.629925578107156809e+02 3.900721640600276174e+01
1.080257327715138871e+02 3.700153214842332972e+01
1.101896750745375186e+02 3.721417366525317050e+01
1.539097536357805041e+02 3.786238098437097932e+01
1.227059766921903048e+02 3.695337096194080573e+01
1.078448109728411026e+02 3.598044953656481226e+01
1.582019396103131044e+02 3.797996243341493283e+01
7.243128481277712183e+01 3.484707112724602496e+01
1.492847556208565436e+02 3.954591688510056713e+01
1.200102661894791538e+02 3.263182596226605625e+01
1.104884668246794490e+02 4.078849097017599235e+01
1.277923493862704589e+02 4.115508319925989156e+01
6.421246662308438147e+01 3.905190706771809062e+01
1.175308657658561344e+02 3.860709793284227231e+01
1.791079561294836822e+02 3.950678629636517059e+01
1.770202200596681337e+02 3.910510576204961097e+01
1.410465246074361687e+02 4.034559933875265614e+01
1.330335961387063435e+02 3.878390230157924634e+01
9.208983932012341711e+01 3.676539230246991963e+01
1.525996676308785140e+02 3.777125922856168216e+01
1.354000595058393230e+02 3.768117942693601208e+01
1.255000200020161856e+02 3.842788071578569742e+01
1.337498535037275644e+02 3.756389475514619392e+01
1.396128787064939161e+02 3.739852738896034623e+01
1.601678504553107416e+02 3.885467806003726565e+01
1.191522970175289515e+02 3.640917859988388727e+01
1.166845075020221998e+02 3.618490743495061679e+01
1.477047814964226120e+02 3.881974275875833769e+01
1.332392636988847983e+02 4.066057405016511694e+01
1.474601488336175237e+02 3.889618606501339571e+01
1.383784313803184887e+02 3.677327833092039810e+01
1.332837510876686906e+02 3.906754124822381868e+01
1.322628254747487233e+02 3.305676159277847148e+01
1.065067782763137529e+02 3.793761432581287352e+01
1.549452668343200230e+02 3.683730809683446950e+01
1.400581187671101304e+02 3.941038534686450845e+01
1.518641048969992937e+02 3.486607604590494702e+01
9.869984541557943203e+01 3.664939033079573960e+01
9.943994687103679553e+01 3.789319130296520655e+01
1.592715045119105355e+02 4.150105776630431365e+01
1.497287867316346137e+02 3.628645871393575817e+01
1.292584279585985598e+02 3.834299971235088123e+01
1.468227863859077331e+02 3.970447672294792341e+01
1.295724583398261700e+02 3.732697486259560549e+01
1.433517438714299601e+02 4.124039149768307766e+01
1.330467830257200603e+02 3.834045931862013390e+01
1.378486766796340817e+02 3.969343636561763589e+01
1.414314233644348917e+02 3.647279449828327813e+01
1.105378523633734034e+02 3.763971306011308116e+01
1.395274325908979733e+02 3.418007376179084389e+01
1.142753599420981203e+02 3.801868333709308700e+01
1.551611339860664600e+02 3.701031636590344931e+01
1.259461817051710284e+02 3.896794037814249378e+01
1.013359106288341280e+02 3.953977483291441075e+01
1.346769599177470980e+02 3.873895658683291998e+01
1.176840113946041839e+02 3.892972995604736752e+01
