1.745588915450547915e+02 3.946593892181568464e+01
1.678261844981263380e+02 3.874145995597075398e+01
1.737612045845847035e+02 3.617648243553077236e+01
1.144970699690959890e+02 3.902748702327790653e+01
1.876831465325647912e+02 4.301926328636576358e+01
1.719060146839598247e+02 3.888097610338034826e+01
1.705855092924665541e+02 3.817879652147857428e+01
1.382779504591584327e+02 4.329548285212680980e+01
1.903361146675709961e+02 4.099368723114954349e+01
1.429096265724944317e+02 3.989995493628222789e+01
1.535201499993621894e+02 4.214385725797124849e+01
1.303764852656531730e+02 3.851167188846588374e+01
1.634056531489214876e+02 4.012482690230675075e+01
1.556787482177918207e+02 4.173687666038399868e+01
1.727044381943575218e+02 3.857515240834534609e+01
1.661692567085128758e+02 4.136250361311237356e+01
1.497939670535324410e+02 3.738241661765000146e+01
1.443635493184312111e+02 3.809447418063032131e+01
1.632725650353193885e+02 4.033682639712213813e+01
1.572496736095704932e+02 3.868532663037508001e+01
1.427440465600096502e+02 3.943813332890466938e+01
1.537831298053227158e+02 3.874771869036570848e+01
1.871293055249350061e+02 3.989077355614038822e+01
1.921699358540706726e+02 3.682042068710786253e+01
1.199960519317473739e+02 4.003298828637177564e+01
1.574433249408241693e+02 4.226287201219064826e+01
1.852038995614181545e+02 4.062055635203366677e+01
1.668119243341267577e+02 4.143531871781799225e+01
1.007766846786239938e+02 4.149892783737176671e+01
1.745135887306483369e+02 3.944216985605640247e+01
2.381046440661256725e+02 4.491437023435893394e+01
1.815947769920790904e+02 4.071386513047259115e+01
1.388592187643194791e+02 4.141355170613698533e+01
1.361888447569499760e+02 4.107076694084805268e+01
1.832292508581112997e+02 4.222567849765668768e+01
1.817078021827721841e+02 4.189341779559277512e+01
1.702930415917832931e+02 3.748126651176722390e+01
1.830273939335538955e+02 4.200560237354980586e+01
1.585427899259816513e+02 3.998804881487394169e+01
1.566328296867440315e+02 4.359802040541462986e+01
1.350210864966056192e+02 4.601507158805670628e+01
1.511519978833606217e+02 4.246331755305879341e+01
1.732540975846440006e+02 4.028307692224408498e+01
1.881663787202620028e+02 4.516536402699360764e+01
1.823556034014887359e+02 4.030112245426663264e+01
1.731310688448582766e+02 4.264170125821250679e+01
1.379983951561627009e+02 4.277801816857918737e+01
1.786213300432476956e+02 3.856771510308184503e+01
1.684025279775631532e+02 4.157136882498333108e+01
1.627043960314285869e+02 4.115024922502053784e+01
1.838787021721682606e+02 3.688608288139332814e+01
2.054493810412598123e+02 4.296921710080417256e+01
1.205786723666466145e+02 4.332652644719236434e+01
1.648602000845532132e+02 4.496203740086811251e+01
1.745755419086550830e+02 4.487719828914454467e+01
1.530777600370748530e+02 4.056382764796696705e+01
1.712404625779219884e+02 4.139947967224438230e+01
1.405125015667802302e+02 4.130664592461183560e+01
1.121446396234458263e+02 4.039266938199079959e+01
1.695212018284845215e+02 4.218084995760071365e+01
1.717257674320688352e+02 4.130789743189025387e+01
1.379745527539330681e+02 4.094122381475025207e+01
1.312986691268408777e+02 3.996406498379059968e+01
1.445990631817730332e+02 3.977689284049679941e+01
1.659082343343620209e+02 4.263850489977099301e+01
1.752449353912677736e+02 3.932993677575952063e+01
1.903763075123951864e+02 4.123501003583067614e+01
1.521846197895680461e+02 4.401703269445595623e+01
1.425770883470880790e+02 3.886097225888435247e+01
2.002256595693136489e+02 4.681169063411736886e+01
1.069662854934285576e+02 4.148504679998713840e+01
1.609496648448303233e+02 3.865886811658671718e+01
1.349159909845883760e+02 3.986824132121538611e+01
1.491832744807825861e+02 3.922454958055213581e+01
1.269659651194155146e+02 4.323539954800159535e+01
1.487599452197798655e+02 4.408607386465732958e+01
1.629545377638223158e+02 4.460786652918302053e+01
1.306596575853041315e+02 4.420118535865377396e+01
1.941131263329556589e+02 3.797867779488058915e+01
1.503217122828480683e+02 4.131527476231720186e+01
1.631032470085450257e+02 3.834972069796570082e+01
1.761013105418328735e+02 4.197026034324150601e+01
1.518284378559415870e+02 3.505115100357135560e+01
1.445428860089989769e+02 3.640339596755174512e+01
1.062794416771946970e+02 3.734757609926921162e+01
1.410169849085626765e+02 4.144575639699363023e+01
1.629669163526835405e+02 4.088569435173523914e+01
1.277459341009167559e+02 4.403019662209919005e+01
1.586302339292337535e+02 4.182178118094110886e+01
1.485016771216323264e+02 3.985595885023871432e+01
1.753158441936469671e+02 4.587605050037787180e+01
1.386044135079250168e+02 3.897068167478857958e+01
1.324726318135781753e+02 3.666266033987995598e+01
1.770134757135445227e+02 4.242916519388710839e+01
1.915995876153381516e+02 4.192381778397148651e+01
1.498365806882230231e+02 4.364961242646594286e+01
1.675082473036719364e+02 3.724645922600755199e+01
1.272079006984982215e+02 3.753919911053551317e+01
1.635018917064929269e+02 4.128868952254295266e+01
1.618219416376587958e+02 3.787469160112252808e+01
