2.111415246575243430e+02 4.735471088820380459e+01
1.781669696974897192e+02 4.121283660757459444e+01
1.750058816113701710e+02 4.722208739311092529e+01
1.874934885104036937e+02 4.389298583663432396e+01
1.569712566043905042e+02 4.149484960510898901e+01
1.606595357371787998e+02 4.636187999973532214e+01
1.956679254214377579e+02 4.537967502986090551e+01
1.819693899584957819e+02 4.875325551573570237e+01
1.886387982375204331e+02 3.987301189898256126e+01
1.400064899254210218e+02 3.961327832394987070e+01
1.413289767295006811e+02 4.239600895645465073e+01
1.823067076893693468e+02 4.686948144386288817e+01
1.656803432166094296e+02 4.558914899549352384e+01
2.145495735831084119e+02 4.566599997852395632e+01
1.588033422221238311e+02 4.330229086727416643e+01
1.683162173317305417e+02 4.382867579094675392e+01
2.175280859412855818e+02 4.370399347000760315e+01
1.600843379107050737e+02 4.102970702968285366e+01
1.589821449940450009e+02 4.444433010889148505e+01
1.568369393768817304e+02 4.439470479679009429e+01
2.036844216120799445e+02 4.665415194176257785e+01
1.710588059854360665e+02 4.498048612100873811e+01
1.341631546799157491e+02 4.560843657393056816e+01
2.174223528191889727e+02 4.577014573309758561e+01
1.940271125206992906e+02 4.163739804117698640e+01
1.779680063101489225e+02 3.892291976691321764e+01
1.486194003212496568e+02 3.786539119320542568e+01
1.143080466569056313e+02 4.261627550666648290e+01
1.831245657576849624e+02 4.491306724601042077e+01
1.519554247696065943e+02 4.420937075774591563e+01
1.753919365346853567e+02 4.586339506671217947e+01
1.319069038823868141e+02 4.044733325659773016e+01
1.818791416792143991e+02 4.612199937371508440e+01
2.013976265692974437e+02 4.561084890905259215e+01
1.637794794764189135e+02 4.302877373198766264e+01
2.025917754780809616e+02 4.917983974809676084e+01
1.849781027635588373e+02 4.539721938736835227e+01
1.661771573103230821e+02 4.464423458975677050e+01
1.989930059964613065e+02 4.102745054492684318e+01
2.252052955019224783e+02 4.310908632519582540e+01
1.807980284135135207e+02 4.464771673930543017e+01
1.738553443530419429e+02 4.630802592762573511e+01
1.543797129824175443e+02 4.209006171066587143e+01
1.856350498820869745e+02 4.490335916680488992e+01
1.591765732112882290e+02 4.947396753951650794e+01
1.760492673271598676e+02 4.677043151223253403e+01
2.151399296641660897e+02 4.380518407835444350e+01
1.758811539068789500e+02 4.426186042396489739e+01
2.067634998832580777e+02 4.122848019499716088e+01
1.703120234584327193e+02 4.032399732961470562e+01
1.886293660008419977e+02 4.176372008406527669e+01
1.860177735235591285e+02 4.212086615056814054e+01
1.468169862640327210e+02 4.492326408428827733e+01
1.447030633914591533e+02 4.261718083300230120e+01
1.624632464714666753e+02 3.747526909137706497e+01
1.848100925369531922e+02 4.174446522658980996e+01
1.979070739678249709e+02 4.629469900507891111e+01
1.501466042190103281e+02 4.647850996531980883e+01
1.505414656691616528e+02 4.223385036512317470e+01
1.799399502895505236e+02 4.431204432107091407e+01
1.741330007969739597e+02 4.410489268490260883e+01
1.239126710636554236e+02 4.088038437268913583e+01
1.539192064538839588e+02 4.575018195324256709e+01
1.692165316693740351e+02 4.566572112799433825e+01
1.682574244890033128e+02 4.543679960422457498e+01
1.714633122480311442e+02 4.114988151828752194e+01
2.123710258401230533e+02 4.269348843840744934e+01
1.569365063710160655e+02 4.184392947174406885e+01
2.097856297498351523e+02 4.634076069238629714e+01
1.686560644962400488e+02 4.355982843136254701e+01
1.965665031599103543e+02 4.271783324892572153e+01
2.263874570670643891e+02 4.560551039104103666e+01
1.901227253311207619e+02 4.406752134783164365e+01
1.971379488888027538e+02 4.833535215539244945e+01
2.115359035633827034e+02 4.242980221805330387e+01
1.360594895987535722e+02 4.572299096663643780e+01
1.898328018949036107e+02 4.102991802552151057e+01
1.498052275145948329e+02 4.393258852556950700e+01
2.268294224843197071e+02 4.087221556088640284e+01
2.153692201566124425e+02 4.359618606637426552e+01
1.358776877220240067e+02 4.046198526784351657e+01
1.960428570850785945e+02 4.135021466194458384e+01
1.618484028242394004e+02 4.115362680993435873e+01
1.828923285156253939e+02 4.375513660325568566e+01
1.522030238827687185e+02 4.184656489282050984e+01
1.735629397470277411e+02 4.628869771855048043e+01
1.712561182719889814e+02 3.818363081120826052e+01
1.713409737149086425e+02 4.285513063433626968e+01
2.164059059041268256e+02 4.420641674498902063e+01
1.913396654226929741e+02 4.029254010914721817e+01
1.572470582542777606e+02 4.287296499534489413e+01
2.043271800134021419e+02 4.483131860534714264e+01
1.832261798625872586e+02 4.533962067947225449e+01
1.073897382641182929e+02 4.160262191562762268e+01
1.574661288954245038e+02 4.228187705045182554e+01
1.813455779573007476e+02 4.305780727743395886e+01
1.815849222583006224e+02 4.918985048999078202e+01
2.010882115382019606e+02 3.839596681606398931e+01
1.227010988512847405e+02 4.243168577992066304e+01
1.585904291156223564e+02 4.567913489062593158e+01
