1.217710877017902327e+01 8.828623651862219646e+00
4.639004954911007061e+00 8.460377537924440361e+00
2.256919306951037285e+01 1.189666309480284845e+01
1.621388040275449427e+01 1.226711420078888004e+01
3.653374407687896230e+00 1.191030552853237090e+01
7.696464550309165098e+00 1.312492573509948102e+01
1.409439172640143667e+01 8.814304519967842921e+00
2.249379927594972273e+01 1.251016228490561666e+01
2.061804792497161642e+01 1.811417363880088160e+01
-3.091257267031000566e+00 1.159630981681684680e+01
1.566662147040096542e+01 1.206341690417442791e+01
9.027704183707530916e+00 1.120979510534842483e+01
1.100089965087131105e+01 1.326885141864797468e+01
4.672679627020007942e+00 1.277628362919712046e+01
2.180497093075422654e+01 1.323630160382112564e+01
8.327552493674566847e+00 1.170088790561200121e+01
1.135954438305872927e+01 9.203215985646222563e+00
1.718548436112678957e+01 1.246551590944682175e+01
3.734223680512457122e+00 1.063681377581468368e+01
9.464586958158093921e+00 1.151979184176259885e+01
1.134735320693305916e+01 1.143536586654592568e+01
1.042618704671515673e+01 7.941538746743571409e+00
1.694068437383709025e+01 1.110416741280805653e+01
1.510491499430811402e+01 1.250841239880039701e+01
1.778269259061940133e+01 1.274265092435096136e+01
7.059599129958896491e+00 8.843629670158419387e+00
1.719697705265389231e+00 9.590043457703171015e+00
1.021368984869097218e+01 8.874257596148137139e+00
-2.075399883980441285e+00 1.370137850018781123e+01
1.301251905203713477e+01 1.206714394220062125e+01
1.989511632155140219e+01 1.281726493153958479e+01
1.145055675634490022e+01 9.052268475356827437e+00
1.049060561437956451e+01 1.280935551427548091e+01
1.280157356674717661e+01 1.131908116211671000e+01
7.913187750154364153e+00 9.268287477775743355e+00
1.518564964287740082e+01 1.176846486578049245e+01
1.176881898058196541e+01 8.592915281817425921e+00
6.389792179325261223e+00 8.855371739200217363e+00
1.490442470265942454e+01 1.518903255938379715e+01
1.162582766952014879e+01 9.439587221278914697e+00
3.154473946305447640e+00 9.260938837792203060e+00
2.066982407938411725e+01 9.842432127455667867e+00
9.815254229197334368e+00 1.419768818238844510e+01
-6.130034020671918604e+00 1.633225305606944389e+01
1.145999242212414870e+01 1.184079226660222339e+01
3.319131073934336928e+00 1.416202719804595311e+01
5.094670362028393740e+00 8.176379094689060878e+00
2.084333962597630574e+01 1.548920897618737769e+01
1.292022276628248179e+01 8.764105972012938395e+00
1.826132752189984776e-01 9.978204568917540485e+00
1.402785062273497374e+01 1.485312469433171145e+01
1.447454917792497220e+01 1.062592082974896890e+01
1.512917169214023438e+01 1.129452169181235455e+01
-6.656311863571183762e-01 1.247494931312723843e+01
9.192967739453102638e+00 1.151969150489285099e+01
1.584085723352963937e+00 1.723853934417144274e+01
7.700084548641964233e+00 1.086466633982666963e+01
-5.645843504930179169e-01 1.307496999963821516e+01
9.298971813426888389e+00 1.894804532440716827e+01
2.561285741688131523e+01 1.184651137846273805e+01
1.433380325737236127e+01 1.078966882590130894e+01
1.953763076743206639e+01 1.196978880510126864e+01
1.769219790595661834e+01 1.067454847370912674e+01
1.956315527934131637e+01 1.195058243597291003e+01
7.755570260341387190e+00 1.122601657259211372e+01
5.202513651226128744e+00 1.135350309436597627e+01
1.446015218237745614e+01 9.922640272433767450e+00
1.301768046451392813e+01 1.561872184108571204e+01
1.341442006916568275e+01 1.149640316799485262e+01
1.035574540799077603e+01 1.156173721969790869e+01
1.580098697769449423e+01 1.269454802644278324e+01
2.397091968660974359e+01 1.378452477437889456e+01
1.064357865275929527e+01 1.318839172862345599e+01
9.845495236601463418e+00 9.135091974413649396e+00
1.299571498161784611e+01 1.317482823076018406e+01
8.035941450480283521e+00 9.089306300175888254e+00
2.774298168825983169e+01 1.397218695433996594e+01
9.274859493589197257e+00 1.414814597061832835e+01
1.865654264753091951e+01 1.961028986807018271e+01
1.092328694823995860e+00 1.143206064879055539e+01
1.131925843889007766e+01 8.305393226215382896e+00
5.598957725366348726e+00 9.636649841509244752e+00
7.441847336286178560e+00 6.813442251899690660e+00
1.636684429757063697e+01 1.431279419221663396e+01
8.987083326617611334e+00 1.116805232875213250e+01
1.499250812120453347e+01 9.681061570246026093e+00
1.131603219605839783e+01 9.383541111373997268e+00
1.463461455642172737e+01 1.068853378067636228e+01
1.029880971307839310e+01 1.039835252084073325e+01
1.522746991881552958e+01 1.063165820140269702e+01
5.585515149666676393e+00 7.706754995474264902e+00
2.095777182181521070e+01 1.143688728735070192e+01
8.605340144932194235e+00 1.074767286377321618e+01
1.674027050271236661e+01 1.407898941187592712e+01
2.027641006587513317e+01 1.247574161275248983e+01
9.433971797809135307e-01 1.080524418325708957e+01
4.833674587613100648e+00 1.412565939942893323e+01
6.343254887227214311e+00 1.170030293161842749e+01
1.162078360613169359e+01 1.324094789390015237e+01
1.593355873089247865e+01 1.166489858065994589e+01
