9.496315535150151277e+01 2.574051572548408018e+01
5.806086441380563201e+01 3.144412309767512070e+01
5.052291529721684071e+01 1.965967975381255073e+01
4.968437255069835601e+01 2.389816336274272857e+01
6.362978277255071191e+01 2.668311798377631305e+01
6.281075659670322153e+01 2.764587529427971901e+01
6.854355174342003920e+01 2.784852952782081204e+01
7.130094352162451798e+01 3.121919532398328556e+01
6.392624388838899563e+01 2.790045986159603331e+01
8.085414604309572439e+01 2.590986200429549058e+01
7.013998199772306918e+01 2.772407868284015109e+01
6.420158403170225370e+01 2.475381244265228986e+01
5.724342084023346899e+01 3.025580074769519712e+01
5.473895598118705408e+01 2.449843622241449737e+01
4.437601926647467820e+01 2.341104244288798952e+01
6.439464859221347126e+01 2.688257261237213669e+01
3.100556950331497319e+01 2.694075200463099762e+01
5.729271635244560912e+01 3.038961431564372617e+01
5.027582141097138191e+01 2.479399208258500664e+01
4.968350864900857289e+01 2.180991290403214933e+01
5.806205458371677963e+01 2.314666136882110337e+01
7.607397403319829721e+01 3.129389123298672004e+01
6.586609656176725025e+01 3.046568515606033500e+01
5.622464338570073039e+01 2.675638511110845030e+01
3.365488291463249482e+01 2.421069872483097640e+01
6.421322342223886892e+01 2.832972712400731297e+01
5.749729946796633584e+01 2.887814503209218131e+01
7.892619480247819297e+01 2.989948976335417896e+01
5.841692558773575428e+01 2.660985009062403606e+01
3.645866028132918046e+01 2.247419549286610874e+01
5.660937661237441887e+01 2.847699371216281250e+01
4.240170851224586102e+01 2.659951324278572926e+01
2.762012353683637755e+01 2.759684151102998939e+01
8.176757513879013572e+01 2.833224579389034048e+01
7.042738344665693262e+01 2.714718636837789134e+01
7.974703309780191773e+01 2.367305057014773695e+01
6.989533807830126477e+01 2.667198880999198352e+01
6.486145822691641172e+01 2.844000628135333386e+01
5.714811575820156264e+01 2.424789505252523369e+01
5.666503034353601009e+01 2.856425558137330256e+01
7.544316286603704214e+01 2.576023697134976231e+01
7.902324397888044416e+01 2.884274555472317303e+01
7.098776450554922235e+01 2.855423089955502647e+01
5.027380138576302926e+01 2.570430791879902443e+01
4.975781504779016728e+01 2.584381931292737988e+01
5.637218377818798132e+01 2.569478979475647407e+01
5.770909642986651988e+01 2.601265939366994928e+01
7.071440515438384011e+01 2.302846326847312497e+01
4.680798057686836700e+01 2.975737648538736835e+01
5.767501909473370603e+01 2.507220836035069311e+01
5.408185379735601828e+01 2.859768390045996966e+01
4.088164252621709949e+01 2.887487786057884165e+01
5.048347936262587154e+01 2.397180253279627848e+01
6.007899793023661772e+01 2.568111436679608417e+01
6.431756963056467669e+01 3.096914426730781145e+01
9.025515493107258180e+01 2.575607810322475544e+01
5.359934796906062360e+01 2.559877905496796302e+01
8.467047414321517351e+01 2.718313713033073498e+01
5.803757497225274875e+01 2.323602091492597665e+01
3.850484988951472332e+01 2.356224365346314187e+01
7.131832582254763508e+01 2.946592695567376552e+01
6.611258749169589066e+01 2.779618324223765669e+01
7.560459022603973267e+01 2.708655774729017551e+01
5.420070996390906970e+01 2.442452328593650890e+01
6.356672840560876381e+01 2.723084368807169042e+01
4.745305100248684482e+01 2.520593129206295657e+01
9.556408427369548519e+01 2.822467642081212347e+01
4.792711316944789957e+01 2.686771992126924147e+01
3.628085285118237380e+01 2.587379097533347405e+01
7.614201114451347507e+01 2.959842611447093930e+01
8.486522524875718432e+01 2.857532101233088895e+01
6.538311364090658628e+01 2.719893409519177752e+01
8.200269083673153148e+01 3.020000095675641916e+01
8.722235846895503641e+01 2.478611876328446684e+01
7.178383388998038583e+01 2.756551036337130967e+01
3.018967738422992397e+01 2.264180807561599451e+01
5.409170418595182639e+01 2.674512098482583511e+01
3.822320694054978674e+01 2.379987645394562890e+01
4.316049344865476911e+01 2.633217906231470096e+01
6.048324331167084011e+01 3.243133615985827589e+01
8.994620767738609857e+01 2.800931287812180415e+01
7.066538767795408660e+01 2.570601773127120637e+01
5.068448977391621213e+01 2.369166916911848020e+01
6.668738232072661276e+01 2.473682301807772177e+01
5.875486423662266589e+01 2.452257035273386165e+01
6.297487452626616999e+01 3.157238639209359121e+01
5.640775599364307880e+01 2.290653226538082876e+01
7.912369640853792419e+01 2.641359634582022409e+01
5.680171682994719617e+01 2.882094304793614015e+01
6.984766736371361162e+01 2.729246197531154294e+01
5.492153508403718121e+01 2.409443112723812419e+01
5.370245665837086335e+01 2.590380176057242423e+01
4.837761699839821716e+01 2.793755223224147954e+01
3.596001023246923722e+01 2.631185104466114311e+01
5.388283526452121919e+01 2.297575492202190617e+01
6.531161700651563251e+01 2.637207112361991790e+01
9.362922737407863849e+01 2.470941450542122553e+01
4.226448765552292031e+01 2.636808219051219027e+01
6.767789429218261432e+01 3.055530428468743764e+01
6.726227413191482185e+01 2.713472283156914955e+01
