1.856901071766000655e+01 1.166618897234733332e+01
9.753398118192281530e+00 8.754492958476392417e+00
1.950510888077406690e+01 1.658776581905799219e+01
1.368085578709955819e+01 1.554783772096018346e+01
1.077661653524264906e+01 1.515482832723034079e+01
3.833708702528765055e+00 1.050897242379550178e+01
6.928746188996182553e+00 1.223591962454188220e+01
2.329552905496574766e+01 1.432092486457539060e+01
9.922929041208336187e+00 1.454704906842243872e+01
1.274036113512311630e+01 1.230561571942280175e+01
7.325686090549972107e+00 1.449297735093603734e+01
1.625031160272658326e+01 1.526642654132114707e+01
1.843335979785927137e+01 1.500628005933089781e+01
6.527907329402435010e+00 1.325248107889107274e+01
3.002046470628267727e+01 1.168504873965691893e+01
1.177675998860122952e+01 1.433787039993607237e+01
1.150591292990304382e+01 1.457215616114221035e+01
1.677452986908519605e+01 1.716918293944520713e+01
1.831247991113813356e+01 1.032365891715303086e+01
2.665162374995458450e+01 1.467416180335534648e+01
3.826166075008071488e+01 1.739664762740369142e+01
2.825734003022743934e+01 2.139372697123388889e+01
2.347180116071607259e+01 1.348907171799512206e+01
1.509708984170674562e+01 1.416707549418958578e+01
1.358112048017340712e+01 1.535486159635630088e+01
2.386017542486960252e+01 1.369245460834463657e+01
2.821210345317943791e+01 1.318598217850511034e+01
4.004779808063638313e+01 1.262764572415091280e+01
1.895769577254662863e+01 1.221561460187272097e+01
1.837506320565762152e+01 1.659901647871134145e+01
1.752868567432405555e+01 1.491498532060129101e+01
2.494912638357810053e+01 1.399751637768344636e+01
1.336466231003391947e+01 1.571055644952361341e+01
2.167505169203615623e+01 1.285389233726060354e+01
6.356103252287530481e+00 1.365393165282252674e+01
1.865091573641541345e+01 1.622619004880589699e+01
1.991178118656864271e+01 1.821429977134515354e+01
9.755636663328669300e+00 1.271128156195744197e+01
2.171781622080009910e+01 1.495251206269247390e+01
2.264531208143815988e+01 1.367406042660845955e+01
1.109488765153366607e+01 9.714042724814248686e+00
1.303764247920862474e+01 1.568526022916340246e+01
1.357768890106478388e+01 1.416467370168661333e+01
4.467943868689918219e+01 1.571586437606935327e+01
2.524559776647465981e+01 1.568141521675449468e+01
1.063424685264058667e+01 1.675841466875298735e+01
1.384643128039534155e+01 1.440304889765386598e+01
2.527038103610529873e+01 1.542152893576006178e+01
2.041827408208299488e+01 1.947968971298820051e+01
2.119194578206837676e+01 1.007308425035028066e+01
1.359350899946739055e+01 1.288601918533964508e+01
9.358207381522449353e+00 1.358543027091058519e+01
2.143859358960515848e+01 1.672084611754034356e+01
6.835683382845799905e+00 1.235877873412553107e+01
8.831869836362949755e+00 9.956178776524545526e+00
2.225483573863678188e+01 2.210040684187000082e+01
1.911016289678630997e+01 1.786930139299907339e+01
-1.069806108778812215e+00 1.319649719971618929e+01
5.408718079759239572e+00 1.365050983893397785e+01
5.759904797795130982e+00 1.344539054193096206e+01
4.043201734901685995e+00 1.043613126255909940e+01
1.308420250955235709e+01 1.381934837432740082e+01
3.104716827175781191e+01 1.853543109862270555e+01
1.550096593089038777e+01 1.500972177837510735e+01
2.406304231089658074e+01 1.289629443874794923e+01
1.344639265646380899e+01 1.244829047232854080e+01
2.812779210903366334e+01 1.592710804644819511e+01
4.809757361891775496e+00 1.499169320606701028e+01
3.031669461236441165e+01 1.606046549352091191e+01
1.625690801116961381e+01 1.557875629353173252e+01
2.638365229717125615e+01 1.133740006752674745e+01
3.165338278773653613e+01 1.618568273096411758e+01
9.134692014637458612e+00 1.246612632069268578e+01
-2.128122278977419235e+00 1.139187985324880437e+01
4.048110243288536303e+00 1.323621810676300115e+01
2.648836663411481496e+01 1.561724906276802116e+01
1.117298841282314470e+01 1.280999591214363775e+01
2.872052179198567146e+01 1.300620374078035013e+01
2.703828951034043726e+01 1.056043026349935943e+01
9.114121029395862550e+00 9.016274900412460269e+00
2.059124125818447126e+01 1.834149214978667075e+01
2.181315848140527702e+00 1.377757233250128799e+01
2.036840814076937889e+01 1.479221781536331370e+01
2.034501264097304940e+01 1.740308770765434687e+01
3.376190334446908636e+00 1.348403073721066647e+01
2.877513575848169225e+01 1.505268351760434342e+01
2.260048701469988330e+01 1.138207888118722089e+01
1.651378454357323022e+01 1.517306955642827226e+01
2.165151284217797212e+01 1.579951580088493124e+01
2.261115918699406180e+01 1.758775411874425032e+01
1.069342127961601996e+01 1.117797812086606335e+01
9.630766707379105895e+00 1.454199187000834215e+01
1.937331561369081001e+01 1.358350252073417863e+01
1.401123384863836252e+00 1.620442342845819894e+01
8.922474208309466803e+00 1.798037920307912430e+01
2.774140472753534592e+00 1.051679977523909315e+01
2.792642159771401822e+01 1.085686378176653655e+01
2.535220454699899406e+01 1.552186405584529361e+01
1.840078746035759849e+01 1.558784740716723327e+01
9.384427800784875373e+00 1.183339958975497730e+01
