1.178200258520927157e+01 1.407641814280876957e+01
3.045159837169210704e+01 1.345331154742531510e+01
3.484559380069850931e+01 1.392573844879296274e+01
1.934915490800528559e+01 1.658940147485406058e+01
2.074550071376505045e+01 1.239100946963043626e+01
1.290477457841349462e+01 1.750375389864820264e+01
3.807487698641573104e+01 2.105875119574610821e+01
1.123287369853767892e+01 1.517092012209539931e+01
1.537602559167171989e+01 1.476870601686164086e+01
3.638197116673774190e+01 2.141332191660394813e+01
2.308043947141207042e+01 1.781630192908469823e+01
3.219075836410377889e+01 1.720137344177788563e+01
2.043856323083373638e+01 1.813252646568368220e+01
2.191774665235440267e+01 1.520573504526057285e+01
1.769425862111578951e+01 1.605875803046604133e+01
1.772886772916874065e+01 1.532309896789146109e+01
2.312444738889574225e+01 2.031914917710883728e+01
2.805154499408418900e+01 1.879441905368621590e+01
1.608339339159227066e+01 1.724953483928553055e+01
1.756210220725644788e+01 1.663096547691703364e+01
1.933444332426258683e+01 1.451066451027643645e+01
2.835203620047581552e+01 1.828951323203329693e+01
1.976107555132232818e+01 1.096989600425426836e+01
1.383690471932231425e+01 1.596920599697705967e+01
2.286937314020850565e+01 1.652664394076092691e+01
2.541303577692521998e+01 1.547703058435521584e+01
4.199282156312858838e+00 1.314983818813394656e+01
2.802722221146676418e+01 1.617762239221330134e+01
1.978574053199991312e+01 1.656299112530652096e+01
1.824315958286482342e+01 1.304720761681106822e+01
1.645476906209617951e+01 1.569848427355020348e+01
3.430138849615799046e+01 1.903602187731793904e+01
3.330968618672059733e+01 2.031081404163261439e+01
3.169609080823770952e+01 1.572200820282044198e+01
1.002370732778073048e+01 1.676026523109913668e+01
3.220514496988823794e+01 1.717657151459450660e+01
3.279992601471471314e+00 1.686726337159273470e+01
4.110017346491304835e+01 2.225043670730023848e+01
3.688893342486886695e+01 1.477370591668220001e+01
3.974070563658878541e+01 2.149569148058695234e+01
3.079852258868148951e+01 2.368756591977742332e+01
3.470150227789579844e+01 2.020263490426919972e+01
1.657603978391248134e+01 1.508179121672475986e+01
3.070204112538201713e+01 1.505956427837242728e+01
2.837517748929768402e+01 1.397868496146496931e+01
1.688796073276404996e+01 1.350556802743492035e+01
2.266820877879204588e+01 1.685737860872659510e+01
1.200209843756704586e+01 1.637800075855735216e+01
2.596129246725504203e+01 1.286339412641031110e+01
3.153453503181116702e+01 1.481636618507729786e+01
3.371603031791799765e+01 2.110895303180560489e+01
1.160868001079833789e+01 1.191205251543023103e+01
2.701957418939947431e+01 1.680902386799901649e+01
1.387663724866171044e+01 2.096110402491603963e+01
3.561005901387878936e+01 1.933231067808971915e+01
2.022987463667253749e+01 1.579377981358802252e+01
2.137351669576913693e+01 1.633748317715291165e+01
2.564991832485522139e+01 1.833993006698134920e+01
2.288008004611100077e+01 1.367252419816057696e+01
2.342273496883127493e+01 1.575112463369021754e+01
1.912799648486874204e+01 1.722696810848307791e+01
1.871558884519143007e+01 1.581175524983260061e+01
1.158370569398310046e+01 1.485687725142020632e+01
7.245670101405284669e+00 1.544611839342652360e+01
2.102832887707903708e+01 1.622374099490022203e+01
6.593954128064436482e-01 1.541649511810040529e+01
2.143418045810945216e+01 1.472445015925281453e+01
2.287207339334019451e+01 1.844714583228844518e+01
3.507524659813249457e+01 2.053907655188809400e+01
1.381851642965203197e+01 1.273811013309023643e+01
2.068624723298811574e+01 1.201873286329142942e+01
2.149350678668333003e+01 1.656122829891504011e+01
1.490680862828663145e+01 1.291248906565345322e+01
3.422487578257031515e+01 1.434794627939728606e+01
2.700744214921763131e+01 1.484128971604993907e+01
1.685391689000655191e+01 1.396059072422347036e+01
5.790611366876636801e+00 1.541894725813348543e+01
1.268496996521789733e+01 1.240658049654582840e+01
6.569501306058070256e+00 1.300298243365108597e+01
1.800275382908077404e+01 1.486449970937560039e+01
6.553377586207357552e+00 1.433083643931459150e+01
2.724161553707237360e+01 1.938463902962180185e+01
2.139463389856188869e+01 9.258574549285546240e+00
1.961332590486465577e+01 1.752140815236161941e+01
1.847919261216845044e+01 1.329188592762062093e+01
2.426464224403687453e+01 1.873875373545328316e+01
3.047201704909378961e+01 1.844583501779829149e+01
2.382257510715213655e+01 1.963429154651885966e+01
2.148290364457037782e+01 1.265893517492619402e+01
2.104757208115702838e+01 1.287075052847448475e+01
3.520885219251074716e+01 1.623255099302450333e+01
2.237518341714446279e+01 1.268667627815273491e+01
2.435428099939125346e+01 1.518038139526296426e+01
2.946929549309177787e+01 1.598568614258267218e+01
1.975364486954832799e+01 1.431468973899886876e+01
1.373405765790090882e+01 1.025793785839919536e+01
3.275311986014403232e+01 1.773159710952645440e+01
8.124628268289889377e+00 1.333493661964218724e+01
1.341787251754843169e+01 1.113092837249608813e+01
2.102153987686184422e+01 1.556953368668049187e+01
