7.748497600636210336e+01 3.045351152323779331e+01
7.165530919730123571e+01 3.567073724399694612e+01
9.224591725928664232e+01 3.304502551232121732e+01
1.207839266250161501e+02 2.985045348583483715e+01
8.651509696805314320e+01 3.539810066213910744e+01
8.352426707415075668e+01 3.076383540312390252e+01
1.027926843525685996e+02 3.351736842094301494e+01
4.707243665118448916e+01 2.957354426080722476e+01
9.023268962459083298e+01 3.571689708699213384e+01
8.947462639054349154e+01 3.518675837104263593e+01
8.788794406284473837e+01 2.911424478246213354e+01
6.262992833204357623e+01 3.153665973311262860e+01
1.043746414001415701e+02 2.788064617552717195e+01
8.980141214053661258e+01 3.258057562629917214e+01
7.276616956985905915e+01 2.717643313823522888e+01
7.187297144654654346e+01 3.153983277724664802e+01
5.474931864417004590e+01 3.200586672238330976e+01
9.136216046485367315e+01 3.167045442971192770e+01
5.125783892577232592e+01 2.677507972779439882e+01
7.579729704178114957e+01 3.108871500671957833e+01
6.807189532985542257e+01 2.951946755216617291e+01
1.067930474256434223e+02 3.651630284749899147e+01
1.135009808744982109e+02 3.358420131276935905e+01
8.648219332840000106e+01 3.211875188288958327e+01
9.321757454351703132e+01 3.060531637165538399e+01
7.962175449575754271e+01 3.044088421100359199e+01
6.926965858730068248e+01 2.881352342486267304e+01
7.013416038623127235e+01 2.782230085056473712e+01
1.158822604596224153e+02 2.924751182975481711e+01
4.539080741377553352e+01 3.048160853758304611e+01
8.812691427400146438e+01 3.257319289406489560e+01
6.885277453691040250e+01 3.473409454819086051e+01
1.080993221442534065e+02 3.217451111114110773e+01
8.784412384324656387e+01 3.101774624993336005e+01
8.032175226451012406e+01 2.887982461795604294e+01
8.420348468658968955e+01 3.350302966053347831e+01
8.865876582018300667e+01 3.113019470081560414e+01
1.099150594273038735e+02 3.327697308345546645e+01
1.163887779271918816e+02 3.118103505373548856e+01
6.066895349626894784e+01 3.437446022861584538e+01
8.819502708430114524e+01 2.915715385950142036e+01
6.505320693848072722e+01 3.123109680946484445e+01
8.118853782684021780e+01 2.918105794248845086e+01
7.308945413274403791e+01 2.969024396840439550e+01
6.920000644262118783e+01 2.916453922366593332e+01
7.765398745236973355e+01 2.901740555950959077e+01
8.184203605440198714e+01 3.362950747162641818e+01
6.159350922225257108e+01 3.135794488715312411e+01
8.133876106751297641e+01 3.035140916848571635e+01
4.822835432318547078e+01 3.311462989276444802e+01
6.821916295128099250e+01 3.397093199078349812e+01
1.036635137247559868e+02 3.035718952253876779e+01
1.074480593687040084e+02 3.493331869114056332e+01
7.938247266452484041e+01 3.061437128663086682e+01
6.268896627894145013e+01 3.125283734205169495e+01
9.393208304433954936e+01 3.233055935770008205e+01
1.094799333202183220e+02 3.372229672262933065e+01
9.350071729191492409e+01 3.133035326566315604e+01
8.700229495296969162e+01 3.231030278722923299e+01
7.520493399647263288e+01 3.179280924524244156e+01
8.307450544749123367e+01 2.824894442630991520e+01
7.009201077898659094e+01 3.312782968349466728e+01
4.465772387638762808e+01 3.165145676284332765e+01
5.564704572708942010e+01 2.859974631325948735e+01
1.004380708783164096e+02 3.206662887913040549e+01
1.141723139411108860e+02 3.085978654318569525e+01
1.023964199033986375e+02 2.901579030706109918e+01
8.965071762809790812e+01 2.986761804533752951e+01
7.823040004022901428e+01 2.997365401282797848e+01
8.500562884135781871e+01 3.067873720332561049e+01
6.150050289300461515e+01 2.690940760927269793e+01
6.885773876581575337e+01 3.399794676590713749e+01
7.971992536151260822e+01 2.874082253542618659e+01
1.100314559728337969e+02 3.425157128171000664e+01
7.357301086719867556e+01 3.064410119336690030e+01
7.713167371529270611e+01 3.137613384463580601e+01
8.748856295672723604e+01 3.623264159418502572e+01
6.683824788409452822e+01 3.176904854252174104e+01
7.712448836878864711e+01 2.686939567061964595e+01
6.014046515051794728e+01 2.954551672248393501e+01
7.941498908668364720e+01 3.194611445756548207e+01
1.071738448549670437e+02 3.535042619956669796e+01
5.448012572330974734e+01 3.105096622942732765e+01
8.059646857479275184e+01 3.044476420315185550e+01
8.357872749454898553e+01 2.974495735177904976e+01
9.047305491041967684e+01 3.143591947524302910e+01
9.409232279674047561e+01 2.975852359181097029e+01
8.705581685641506340e+01 3.040861793425439785e+01
7.799753830177650116e+01 3.141761329960582927e+01
6.625057808532557146e+01 2.915529445006911757e+01
7.462855717049438908e+01 3.046952440214408142e+01
1.262864615308023986e+02 3.480081693676419974e+01
8.781814406514466498e+01 3.298983606669456492e+01
9.083836163761469606e+01 2.621918934909082921e+01
6.845786308918424368e+01 2.934667859182658134e+01
9.711074792316597382e+01 2.879044515621092870e+01
8.681948325381549125e+01 3.529302383766697915e+01
6.118439406977876871e+01 3.483097737519825188e+01
4.644504958386718130e+01 3.118015224106806471e+01
7.893678322406556447e+01 2.924947407063496030e+01
