9.114157951979531447e+01 3.329846803691748391e+01
1.206622485832075427e+02 3.838402639596438348e+01
1.374624769140151272e+02 3.482206379563584875e+01
1.278565540866837154e+02 3.218609201515081253e+01
1.242252412871634135e+02 3.784999091500523605e+01
1.234326009525058367e+02 3.891705489941766416e+01
8.636686014396494215e+01 3.919081894535737121e+01
1.286216631527056506e+02 3.362390303902587618e+01
1.147251282271604111e+02 3.486274207945615444e+01
6.829864940637341419e+01 3.310538228239563097e+01
1.013158173834496409e+02 3.440294651034147932e+01
1.512991184209816140e+02 4.350671931108852419e+01
1.264172129964031228e+02 3.647975385680077665e+01
1.174478308191701359e+02 3.632578658822014006e+01
1.244268620619673982e+02 3.628115996398227594e+01
1.124371926510998350e+02 4.021740985049464712e+01
1.509149907484945459e+02 3.630293394135143359e+01
1.242700930124083101e+02 3.627382935541427855e+01
1.296913603740422047e+02 3.764858142349548586e+01
1.378532229850940496e+02 3.566048215032544988e+01
1.355314348181136666e+02 3.598684985882002962e+01
1.111944024114753375e+02 3.582105339481798012e+01
1.177037932323567588e+02 3.155922460210715741e+01
1.230176123098570429e+02 3.310339070609834522e+01
1.369479609049485305e+02 3.628278340037036998e+01
1.475678352462688565e+02 3.625253437177362770e+01
1.213068407920763860e+02 3.880712912916657586e+01
1.175466969138799698e+02 3.643660492245500393e+01
1.176166292596727629e+02 3.813717704574448675e+01
9.740084576912749981e+01 3.097155378952763627e+01
7.936560364374871313e+01 3.790351659536847961e+01
1.382210463961345965e+02 3.716271275451968847e+01
1.291133349198053679e+02 3.498851283698663650e+01
8.905978001591149962e+01 3.498787764931953603e+01
8.746354987574326856e+01 3.485785294765901909e+01
1.190075982732269892e+02 3.848317605022058530e+01
8.800766732269774195e+01 3.532633656808229716e+01
1.330615992960149754e+02 3.607488640099779076e+01
1.495663755720213999e+02 3.447414564757581701e+01
1.084376229476406195e+02 3.736540348724832938e+01
1.528400755688382446e+02 4.036039005045323336e+01
8.765722900644324511e+01 3.075001467194232774e+01
1.006187971066210451e+02 3.575257784218563728e+01
9.601646275545985532e+01 3.617298256879550422e+01
1.156030231246413678e+02 3.476332359603939182e+01
1.168048016115624392e+02 4.034006027137497341e+01
1.017255747725140367e+02 3.486651937903548770e+01
1.462087042089252407e+02 3.814943768810659463e+01
1.068524235474797734e+02 3.410324805624446753e+01
1.166175717624427222e+02 3.629946380310734355e+01
1.202921747012855036e+02 3.422297060711603223e+01
1.181307408119912026e+02 3.984383717023222715e+01
1.151032422794687591e+02 3.950450316326907085e+01
9.604681263319865536e+01 3.609544581147373776e+01
1.256302889546062573e+02 4.120166628773041850e+01
1.279432953149048160e+02 4.022357259594388523e+01
1.196443609641834200e+02 3.482123869628553336e+01
1.186311257619790780e+02 3.087326560958596033e+01
1.303389296310482166e+02 3.693101546756878406e+01
1.201501760922637772e+02 3.683746413969880251e+01
1.580872435229628934e+02 4.026617769627687693e+01
1.308195455846022526e+02 3.452842062311142968e+01
1.028422500307245713e+02 3.835300026548699037e+01
1.342447476848263079e+02 3.475973733848616831e+01
1.077451198593983008e+02 3.277354231937172813e+01
1.227295135755102677e+02 3.803139628033975583e+01
1.014047827776989408e+02 3.630052963274911804e+01
1.472505479842232887e+02 3.719856669852713082e+01
1.383809234394570638e+02 3.570854604473548477e+01
1.120162106462131533e+02 3.534779601448526876e+01
1.040385322100262329e+02 3.524277146791868631e+01
1.314565880469941419e+02 3.356634450362633970e+01
1.102651524476286937e+02 3.790289714199673199e+01
1.293304002105814732e+02 3.866328158770676282e+01
1.204957423270666794e+02 3.331882827600468744e+01
9.607771084364044611e+01 3.549955777876229490e+01
1.307094464759923653e+02 3.742039243406383520e+01
1.075245647545252012e+02 3.652527899468678640e+01
1.616283632017911032e+02 3.509048560707374520e+01
8.862788237455892215e+01 3.040674834335865384e+01
1.196233354954934640e+02 3.691765116505104771e+01
1.471281256598588527e+02 3.698451213698421469e+01
1.006120418266058607e+02 3.787448996552856784e+01
9.744570745940201562e+01 3.260573942551408066e+01
1.102971538813110612e+02 3.725515594173988632e+01
1.006927472967708468e+02 3.191225822309764482e+01
9.322937493214745075e+01 3.549562538703901993e+01
1.067650432199779686e+02 3.782448270825300085e+01
1.413670401410898023e+02 3.508650209293208633e+01
1.109383216879609080e+02 3.079439401356566108e+01
9.176997295959077405e+01 3.619964692958799901e+01
1.491282918891718055e+02 3.459197948198628580e+01
1.334156495100914981e+02 3.563000974804350562e+01
1.545425863689999630e+02 3.587331905450854208e+01
1.493888976643502815e+02 4.406388525574953974e+01
1.150846586648622321e+02 3.253368621910050251e+01
1.185328584204134046e+02 3.438294227636143319e+01
1.154389388647629460e+02 3.501013939325662960e+01
1.102861809723907811e+02 3.750074727685848330e+01
9.253455328256504231e+01 3.499345183044534480e+01
