1.830636232822456861e+02 4.389783038794799808e+01
1.574572764150419175e+02 4.149563570743320895e+01
1.450107992507738572e+02 4.472955676661599966e+01
1.714817753412040418e+02 4.587522722186496793e+01
1.667230249189023539e+02 4.213401054335618312e+01
1.663351184657714157e+02 4.117134084655622672e+01
1.675598692904052314e+02 4.236716451630463354e+01
1.699164084010114379e+02 4.071396197476033052e+01
1.414169623507938240e+02 4.448932997208756746e+01
1.422757395059794305e+02 4.274231588919838742e+01
1.753534020508134290e+02 3.892699742944128616e+01
1.760705467122852497e+02 4.682687480898267296e+01
1.333037677159541943e+02 3.802764794719452368e+01
1.633621763157410953e+02 4.509932023096212816e+01
1.633608452540372014e+02 4.297353386252037666e+01
1.662548952863219540e+02 4.031767294677892011e+01
1.537460424652715290e+02 4.295496915413488637e+01
1.531392961736575273e+02 4.136272322838438242e+01
1.602195369409838293e+02 4.355748713155110607e+01
1.477644738703972962e+02 4.263619319720407219e+01
1.529359614112813404e+02 4.043990560484633079e+01
1.940459225817955087e+02 4.744351226558667634e+01
1.472796342552012163e+02 3.905401235466978704e+01
1.974925568444631949e+02 3.943889880630301548e+01
1.632342751178035769e+02 4.152790267919942835e+01
1.310865783608838626e+02 4.038352923078281975e+01
1.756867073332103928e+02 4.167740702809447129e+01
1.451755620440585517e+02 4.202232758444937133e+01
1.546105699318781035e+02 4.501042963103858341e+01
1.387642217196393801e+02 4.365940886261665810e+01
1.516597669629989298e+02 4.167018656833910484e+01
1.263969782754387268e+02 3.788822466936663602e+01
1.563435471888057009e+02 4.287078346213260005e+01
1.672224172718817954e+02 3.851442982432806872e+01
1.139847033264910152e+02 4.100775000861351316e+01
1.735142480296699716e+02 4.344288190577236008e+01
1.558331812754424277e+02 3.974026839642495901e+01
1.599888013650718790e+02 4.085049909709018578e+01
1.564669142764378762e+02 4.376168747233757728e+01
1.402290478752117053e+02 4.096512334059121940e+01
1.074280230708659332e+02 3.463393296877797667e+01
1.584327709344083814e+02 4.418997057197248779e+01
1.584319983947586081e+02 4.098877125663911158e+01
1.665386404789420851e+02 4.285015043152110081e+01
1.683391379349891110e+02 4.134025190910089975e+01
1.623515848498394405e+02 3.961310056835012006e+01
1.559072583209600396e+02 4.451810728071902190e+01
1.126702997384407325e+02 3.911418924817651543e+01
1.284073291942600861e+02 4.004777017216657242e+01
9.116454287657892053e+01 4.226650844266103491e+01
1.258150486025264740e+02 4.003414537524646022e+01
1.410377012949545303e+02 4.023558915632251143e+01
1.589036016862937402e+02 3.888844263472746121e+01
1.464909313815213636e+02 3.961859865777756085e+01
2.040737769196081501e+02 4.473493817586103205e+01
1.354194252021842715e+02 4.181038565439715171e+01
1.627598171845293678e+02 4.836221326401366838e+01
1.445045940282609536e+02 4.234834984429794957e+01
1.738797350311886589e+02 3.908999465462435552e+01
1.842786539676477560e+02 4.187966105522780680e+01
1.629960708997790846e+02 4.046266016191845694e+01
1.810496072713945637e+02 4.074050641759034619e+01
1.556518174049797949e+02 4.134891120365802664e+01
1.750769375141561568e+02 4.075588693497365256e+01
1.346197551054349617e+02 3.905282522161846970e+01
1.373022097952554930e+02 4.027100395190686299e+01
1.772885278777646363e+02 4.256803109171674748e+01
1.500272748031748904e+02 4.181999011717514492e+01
1.684356477863882731e+02 3.912949984155888927e+01
1.474618683129615135e+02 4.489065864439908893e+01
1.858023946961241677e+02 4.033375424647312713e+01
1.703469472681835839e+02 4.205178779290864099e+01
1.279686848139144928e+02 3.873503925496863332e+01
1.549186770483185285e+02 4.171218146632326551e+01
1.471544500188084896e+02 4.042300787998277656e+01
1.765180589144446515e+02 4.173566252506287100e+01
1.690260814324638829e+02 4.303259240964147381e+01
1.865346850101404357e+02 4.241117889411657416e+01
1.657070472544102415e+02 4.057862389030174199e+01
1.329718555776691744e+02 4.252102750906399109e+01
1.370602379352039577e+02 4.509620147454872097e+01
1.875749619114383506e+02 4.180907233896891029e+01
1.636651286699150205e+02 4.260291775388174784e+01
1.961083614577988499e+02 3.833636205045734613e+01
1.368883571236550267e+02 4.098485663849645988e+01
1.792471398212342990e+02 3.821601205924973499e+01
1.800408414485553692e+02 4.193552605415565893e+01
2.193410453619691509e+02 4.395299587106821093e+01
1.730281459077135651e+02 4.383425047714425915e+01
1.756221377196256981e+02 4.288060611460863214e+01
1.472743030305399259e+02 3.961058133146944016e+01
1.664623738596402518e+02 4.619634415952291562e+01
1.821382224143557664e+02 4.308140988518958636e+01
1.798381752766596549e+02 4.180087350945078839e+01
1.463562040623977509e+02 4.815937089336006949e+01
1.929654570820810875e+02 4.453110704861290969e+01
1.922367098246301964e+02 4.342934983815235483e+01
2.028164302652669164e+02 4.290037114613424052e+01
1.654011367332360294e+02 4.278766845515001904e+01
8.521282845314919996e+01 3.457626403241774682e+01
