4.054052549935155270e+01 2.591392769530905937e+01
2.970160554232122507e+01 2.068404518941371251e+01
4.574190247236153795e+01 2.418516870367599125e+01
1.595335611311588941e+01 1.785283785665238554e+01
4.397971717837505423e+01 2.367728646876078358e+01
5.156683140326415327e+01 1.943365269339382095e+01
4.602597713175132554e+01 2.543410211409819510e+01
3.753472628251977028e+01 2.489680792768717765e+01
5.965463512546980240e+01 2.232069390680715770e+01
3.944898643727290732e+01 2.086378268565792027e+01
5.902815649442418788e+01 2.359563800919317700e+01
5.850068383517161408e+01 1.954413646423228101e+01
3.634876827390245069e+01 2.154152105455613864e+01
3.607285833925667617e+01 2.190989277374466582e+01
5.480959596006425727e+01 2.209085901632604276e+01
4.577233117758628822e+01 2.117666643491330447e+01
3.666525203966175894e+01 1.936455435212597465e+01
3.225397111996044686e+01 2.090093826518340236e+01
3.414516731194998300e+01 1.964436096847193625e+01
3.026925237527105494e+01 2.007112417792695780e+01
2.133131413538415089e+01 2.092845444687542766e+01
4.354924438067731529e+01 2.446053580127562910e+01
4.689495503687762579e+01 2.538619869126675610e+01
3.244859959549071249e+01 2.143317146006591756e+01
3.526394526130408025e+01 1.880373457497537615e+01
3.776319033753173215e+01 1.774335365455657154e+01
3.984568810644172743e+01 2.380828265516592168e+01
3.601339028382324869e+01 2.815264631858006084e+01
5.569499260022117682e+01 2.355746934311994778e+01
3.336360477686323378e+01 2.451217096383453864e+01
6.133429485652838764e+01 2.280394133559115843e+01
4.042724873968316501e+01 2.460010988373663210e+01
5.945267180983871214e+01 1.984825921810827865e+01
7.007389804258487231e+01 2.515611749725558965e+01
5.739243139869044796e+01 1.971115222587742366e+01
5.700100167210034385e+01 2.049058147790655227e+01
3.730921417090334558e+01 2.236505116438197760e+01
3.968408626699624620e+01 2.287912475726600903e+01
6.847401060766800640e+01 2.072286361153738810e+01
2.035310651251521108e+01 1.952018604513998312e+01
3.292171177860520714e+01 2.674868818852339203e+01
4.507805216584394259e+01 2.373650178584875192e+01
3.657890775051748733e+01 2.112253392239111704e+01
3.314811945666002657e+01 1.855350986335006880e+01
4.939368319232066540e+01 2.160202116511996095e+01
5.745936510448667889e+01 1.948867212787519065e+01
4.914248623689753259e+01 2.378334917744378885e+01
2.947665267128948585e+01 2.398032665545599329e+01
3.500076968768695451e+01 2.121780065304082541e+01
3.659804554317018699e+01 1.999137264551793081e+01
2.823037278980460840e+01 1.791776536879458348e+01
4.747633436876720481e+01 1.927203101656634132e+01
3.818703182615323755e+01 2.579749424127293977e+01
3.857265710986784057e+01 2.485785000115526344e+01
6.788341623787134438e+01 2.354962741821065109e+01
3.618915465839758383e+01 2.379152229067334900e+01
1.443223383582915353e+01 1.957350555946955950e+01
3.777075870516440403e+01 2.309145399808983612e+01
5.935043041436591693e+01 2.162752159406190700e+01
7.292413171356737678e+01 2.596859376320313118e+01
2.985402059209196679e+01 1.876742017508335891e+01
5.338874612637816597e+01 2.171372759101950933e+01
2.969345166566525052e+01 2.223207430870581192e+01
4.330917999886236203e+01 2.090907022200951104e+01
4.422448128040807802e+01 2.219928591982967347e+01
4.041229624348461869e+01 2.270098849159521848e+01
5.475883205019881927e+01 2.357641690510579124e+01
4.693384488595974346e+01 2.246745792160387722e+01
4.831683997139963083e+01 1.910699002691677961e+01
3.281470685362296535e+01 1.966290224854753177e+01
3.455417182980170310e+01 1.972374082424286001e+01
5.588730813932635044e+01 2.253994292479116623e+01
1.724864462360600825e+01 2.147290216157574605e+01
3.691895390418574863e+01 2.281199204905093580e+01
4.648641523896651506e+01 2.377923490162206477e+01
3.099026209760667427e+01 2.326738537163739906e+01
4.845564738521905213e+01 1.972012967259172456e+01
3.659284829710578890e+01 2.050061629376980576e+01
5.178118177622855711e+01 2.037542815190273160e+01
2.582668282444129915e+01 2.328449113918031799e+01
3.450702223584849548e+01 1.843210628236721504e+01
2.276463138090193539e+01 2.257765103078117264e+01
3.138210454071871425e+01 1.996803557902541471e+01
3.650970422478634703e+01 1.983465388560378173e+01
5.374348275702001132e+01 2.315298457321051373e+01
5.096995979464065840e+01 2.182026706162586649e+01
2.893131714477222971e+01 2.003384002628326854e+01
2.389982225902197399e+01 2.315290466436588446e+01
4.197848228301327822e+01 1.892494628802749546e+01
5.174651065758862245e+01 2.343925168281939264e+01
2.488823529990108341e+01 1.805906926646554211e+01
4.149942890175314147e+01 1.809208930242005309e+01
3.851914027293672405e+01 2.758266444660133487e+01
3.247489356685889561e+01 2.473065348391193652e+01
2.681906289893419526e+01 1.991728747846590863e+01
4.351930790194997911e+01 1.876708170118536856e+01
4.223693481722450827e+01 2.294530282912625907e+01
3.790306870604418066e+01 1.950297966757060664e+01
5.307430213394285090e+01 2.185486915376010231e+01
3.954620162299633535e+01 2.239130800434482893e+01
