9.192917634616341616e+01
1.137177912358956178e+02
1.344322256720431596e+02
1.117549300360450388e+02
1.058194655230677483e+02
1.232923194735817845e+02
9.730406344672270791e+01
1.353762763775178257e+02
1.528953728806821459e+02
1.430417162990669340e+02
1.204681164146481365e+02
1.035499665965623706e+02
1.378889592996573299e+02
1.407143378654987487e+02
1.369693135247393343e+02
1.585090398242929837e+02
1.079351914204809617e+02
1.294761128100799965e+02
1.256022087431354066e+02
9.377371579171141036e+01
1.503276525272706863e+02
1.217271097827976547e+02
8.069175234273028252e+01
1.213164132120290617e+02
1.511315460275186524e+02
1.241067109456261051e+02
1.491370454246491306e+02
1.002235226067178075e+02
1.178784565435127405e+02
1.343421628077204559e+02
1.172555693238774381e+02
6.690505943196879457e+01
1.476762728134989686e+02
9.476917458402739669e+01
1.102052592104199675e+02
1.296846995307237478e+02
1.253650136686693628e+02
1.406957138768958941e+02
1.490492299487349328e+02
1.404002766080582774e+02
1.079880195533644383e+02
1.089262249923369978e+02
1.248467583820085167e+02
1.443666463299304610e+02
1.075779500368680885e+02
1.218861520401368352e+02
7.318051747313701583e+01
1.261774589153109360e+02
9.930208690840701991e+01
1.277119508962045131e+02
1.460719890946492967e+02
9.855798827482831825e+01
1.296150390578187626e+02
1.461820133909209005e+02
1.365563513524291182e+02
1.093827445607665823e+02
1.362934474847550064e+02
1.338862946970427004e+02
1.380227995754245001e+02
1.264698529759980943e+02
1.109942609796690220e+02
1.554913073352257413e+02
9.498410895390087205e+01
1.589203152855974395e+02
1.348105719445238719e+02
1.081489983104768271e+02
1.393921447993059815e+02
1.386788705637097792e+02
1.473177028093122090e+02
9.434499779112539386e+01
1.107916061757183996e+02
1.506073387261657217e+02
1.393939480867818190e+02
1.065155445989573479e+02
1.281182080390541387e+02
9.054958680538848625e+01
1.225972366867233347e+02
1.260210896013464463e+02
1.067817399506800626e+02
7.132655735118483165e+01
1.273162538484440205e+02
1.133724093138241926e+02
1.499715176334663624e+02
1.650644972832717485e+02
1.803646246085561415e+02
1.483458157294611794e+02
1.360868137222455516e+02
1.394923841552719921e+02
1.395305571022961715e+02
1.242309667739423702e+02
9.528316023273178814e+01
1.319241761760351039e+02
1.364120997166616007e+02
9.500674893811586230e+01
1.289695907618292949e+02
1.444751676958858297e+02
1.246669003315383577e+02
9.537001037185652308e+01
1.282233601290804472e+02
1.604065399499583577e+02
