1.474481910171606103e+02
1.397584436242370884e+02
1.546727736374017184e+02
8.485844366025261820e+01
9.853784710261342639e+01
1.196291384259954782e+02
1.233875001473896447e+02
1.315701946905893465e+02
1.381803441029942405e+02
1.541815794266497051e+02
1.201536680856089419e+02
1.084075999128332342e+02
1.263318030206689286e+02
1.170209900402071810e+02
1.796634561922378737e+02
1.328312426112304649e+02
9.262334419097092564e+01
1.058002277719273536e+02
1.343678679253016526e+02
1.559381295743255578e+02
1.123642549630451697e+02
1.389645306562296696e+02
9.371308115331981980e+01
1.166290594732232648e+02
1.193379940694551067e+02
1.274216513221752791e+02
1.358872058225672959e+02
1.175060153319975029e+02
1.147890146589974023e+02
1.131128173417459237e+02
1.063724233749246366e+02
1.006791609975517474e+02
1.317900932787311490e+02
1.738790444879235793e+02
9.820304418514778888e+01
1.246261775663275131e+02
8.606211708064746801e+01
1.213958682763909849e+02
1.335481852878518225e+02
1.256969441997278807e+02
1.750872564545016985e+02
1.049665422497286329e+02
1.046343571241047243e+02
1.202522752413286895e+02
7.138147052055737163e+01
1.089825913470707945e+02
1.388641939931755473e+02
1.560783926722210992e+02
1.225838481544725482e+02
1.192427340784946210e+02
9.300495567396436059e+01
1.136925210310654677e+02
1.055980972740664612e+02
1.099508661508197065e+02
1.386395127791937512e+02
1.129861153816322314e+02
1.095491140687854568e+02
1.247260357581980372e+02
1.958032397560957634e+02
1.038848108346482064e+02
1.239674698785679112e+02
1.509554226057476569e+02
1.233284504651009712e+02
1.222253740669300299e+02
1.528025133417303891e+02
1.348313101621022554e+02
1.594572150268094788e+02
1.285488280461622708e+02
1.416673669102347333e+02
1.306524356241718010e+02
7.875355472699166626e+01
1.177630705923214549e+02
1.245639487191189261e+02
1.114979244820363249e+02
1.393887877684977639e+02
1.404868517153796006e+02
1.268620598410076070e+02
1.376568316468687101e+02
1.215959916747997909e+02
1.201616455456239123e+02
1.214197769424864646e+02
1.172166972906640439e+02
1.325145003824672756e+02
1.278030329830845631e+02
1.050955003660757967e+02
1.145698137700714341e+02
1.246904193362680360e+02
9.422797704937879359e+01
1.122144619156376564e+02
1.101887218317701809e+02
9.347715035035508890e+01
9.763567997261462494e+01
1.319833907323399842e+02
1.289560697900428750e+02
1.082396203880049654e+02
1.144690599699163300e+02
1.223205874061819145e+02
1.302732146796277561e+02
1.309472901175139441e+02
1.064023559757356594e+02
