1.003075050773862813e+02
1.365892550894856754e+02
8.920136933540140944e+01
1.280179613238126990e+02
1.501797003968875401e+02
1.088180268635602062e+02
1.528968873114943392e+02
1.178209333528721459e+02
1.317566367955306532e+02
1.553199893724432457e+02
1.238402482517632706e+02
1.193322638996422143e+02
1.113197970391535137e+02
1.024407069766001257e+02
1.019564646726549313e+02
8.842306596201552793e+01
1.063093598332080347e+02
1.083042453050780694e+02
1.229533732654927576e+02
1.261021882987202787e+02
1.350991673218704250e+02
8.761478225885859672e+01
1.235220656810855218e+02
1.473059441335373663e+02
1.212446833959035501e+02
1.254492083968969780e+02
1.124441593525927772e+02
9.624402437015072564e+01
9.727439705555789828e+01
1.446215857985118021e+02
1.026316412091186407e+02
1.004156364255943572e+02
1.575721029076278228e+02
1.228754092621455101e+02
1.305336829713353950e+02
8.360054914929588676e+01
1.555175669645656171e+02
1.264171658360520922e+02
7.274975209964730993e+01
1.407601203391060949e+02
1.332843057930140844e+02
1.052963315825616775e+02
1.069756167826782018e+02
1.274470033270277725e+02
1.313925848345138547e+02
9.542562294936718104e+01
1.321377653947373574e+02
1.072499882670536380e+02
1.672669538467024779e+02
1.341606189564297438e+02
1.181045846974729585e+02
1.331082076604124609e+02
1.007566022026465475e+02
1.154411737048713178e+02
9.707207638759311408e+01
1.113138235355506538e+02
1.394093034565849507e+02
1.400475079578177713e+02
1.236979435935770510e+02
1.128706458079974055e+02
1.244392495870122275e+02
1.352569783486679569e+02
1.360066455045912051e+02
1.070931491231398667e+02
1.204904211482900962e+02
9.988449137229777364e+01
1.093658853175487025e+02
9.665518720362732097e+01
1.010597262595165091e+02
8.520646449668811329e+01
1.275115516346333067e+02
1.087678131727970481e+02
9.576053191568948364e+01
9.028655794621360542e+01
9.168559822913090329e+01
1.474067709255647856e+02
1.525432338865259112e+02
1.113062742080430638e+02
1.193760994926153813e+02
1.212727411311266366e+02
1.446589814071516571e+02
1.183101008389190838e+02
1.173331570111252660e+02
1.100171258579914308e+02
1.323617527049382261e+02
1.243131137347271675e+02
1.100250505802911078e+02
8.907274649226444296e+01
1.124238930410338639e+02
1.394957757484721981e+02
1.146357780933416564e+02
1.419028179128382590e+02
1.170063223755250021e+02
1.404310184822494989e+02
1.190725623595596403e+02
1.159406824415836610e+02
1.481137462595922329e+02
9.540961211365612371e+01
1.047777410301438010e+02
8.244476647286506932e+01
