1.039759809962500583e+02
1.366557387574720224e+02
8.107923689878143136e+01
1.141768239958735904e+02
1.299030709170549756e+02
1.191418236497884919e+02
9.552584574691250907e+01
1.235342731152709348e+02
1.643690183264537836e+02
7.791835084989190818e+01
9.275219466866212770e+01
1.163560538572432108e+02
1.654591717325588434e+02
1.338012134248688199e+02
1.053871790367092274e+02
1.266885198171511462e+02
1.392030765539160200e+02
1.337187849299725144e+02
1.408928521129152216e+02
1.085287460994519790e+02
1.109259866677395934e+02
1.106802221644741593e+02
1.246613712564958973e+02
1.415737894475676626e+02
1.526135357083110193e+02
1.588637853058262976e+02
7.695851695126647485e+01
1.033881115460396813e+02
1.346590445248703247e+02
9.907482184634318401e+01
8.779735634067540673e+01
1.440131157082766435e+02
1.344789748098053508e+02
1.075525407771942668e+02
1.383922313444892325e+02
1.099480308770049675e+02
1.070629185092928992e+02
1.512730846642688505e+02
1.248316417147394475e+02
1.311950585089416563e+02
1.356390738131141518e+02
1.285934969041780960e+02
1.337488872812079421e+02
1.344281756695390300e+02
9.346165386387635010e+01
1.042105025580418385e+02
1.016094368306964526e+02
1.177145035215537519e+02
1.272387428813374726e+02
9.780325921848957194e+01
1.153988877080687701e+02
1.374447322881257492e+02
1.222409731958454415e+02
1.089423003504054464e+02
1.248648015691776294e+02
1.216311998562600110e+02
1.284822281872384337e+02
1.078352432947654904e+02
1.502464560073204893e+02
9.723016378754658717e+01
7.036842797534143301e+01
1.162439269565393829e+02
1.131853319370592459e+02
1.094866673756854425e+02
1.363913573548690863e+02
1.053493815077019349e+02
1.500024968162476284e+02
1.205046043543624847e+02
9.425420649554146735e+01
1.221611662945513501e+02
1.201666685495633971e+02
1.290444071610460810e+02
1.466830744267987257e+02
8.993219352519500376e+01
1.203006978258687241e+02
8.480333586197284035e+01
1.383918758269511784e+02
7.748532510051936129e+01
1.029225752111129140e+02
1.320232529447490890e+02
1.197847960332869519e+02
1.519210519530319345e+02
1.542975524239979848e+02
1.142538685617366809e+02
1.433337238526429758e+02
1.221106212489915208e+02
1.392304392083165681e+02
1.279636741296367717e+02
1.023127884823938132e+02
1.352766424530732365e+02
1.257013216747166524e+02
1.328750847188027251e+02
9.480715178231365314e+01
1.198475770851324995e+02
1.132881049527466075e+02
6.048913811447206967e+01
1.129930006232407038e+02
1.260165615918428585e+02
1.388242886623213508e+02
1.627483750108230538e+02
