1.138183179125885403e+02
7.012284377567510774e+01
1.361787952486281483e+02
1.028961586784127604e+02
1.329941932394437458e+02
1.356764216734199806e+02
1.084905736675195129e+02
1.514029713066229874e+02
1.386199580033513428e+02
1.180251366310394587e+02
1.541838137362044563e+02
1.166173317844807400e+02
1.048762603878873136e+02
1.183375793726738863e+02
1.330574397324859888e+02
1.176134137509164219e+02
1.116659783409072162e+02
1.128055944417237981e+02
1.148934372859340556e+02
1.359199925362972863e+02
1.552319425980819574e+02
1.339867932704727025e+02
9.326069630959469237e+01
1.333361669832252119e+02
1.302739655376495307e+02
1.164090443805499575e+02
9.484194271039297064e+01
1.413067358219117011e+02
1.532958078358344949e+02
1.306022608125984732e+02
1.241329452472680259e+02
1.019002176367902308e+02
1.222062763527632967e+02
1.002016778264832055e+02
1.297724611558922163e+02
9.356869690677419271e+01
1.182773634844438106e+02
1.335513859907481446e+02
1.133911718837571243e+02
6.270789248416687656e+01
1.084239190213956618e+02
8.044007387495227590e+01
1.119627911925454242e+02
1.418713642948598590e+02
1.585325307094545337e+02
1.134074908635992927e+02
1.134157928428577975e+02
1.203400829866519217e+02
8.233099093757611797e+01
1.438025296646999607e+02
1.075263746595561827e+02
1.398724273826489366e+02
1.555837557093681482e+02
1.002473169357917584e+02
1.198938725280536630e+02
1.317641106875204855e+02
1.212380774413846467e+02
1.107529298212162416e+02
1.033013245334765031e+02
1.152786597103278581e+02
1.535950959615346108e+02
1.466039058610616905e+02
1.381985796471313677e+02
1.240029272051972953e+02
1.035580666436874537e+02
1.029810940794416183e+02
1.107280994250740633e+02
1.170368245570676180e+02
1.486208904185933193e+02
9.099912239860596230e+01
9.146429247371852966e+01
1.222316350906494904e+02
7.961600905814462692e+01
1.223085017725581736e+02
1.626973992761776344e+02
1.598023922996268311e+02
1.334775634781150586e+02
1.305303209545292020e+02
8.683853328205515254e+01
9.879285441368972442e+01
1.616192326885015973e+02
9.906078887135072364e+01
8.003239918875544845e+01
1.465427672912119874e+02
1.023106824194934461e+02
1.143333973966440738e+02
1.408343612292287048e+02
1.407610595236046436e+02
1.350827659846757172e+02
1.208043902505691278e+02
1.010666513490137106e+02
1.546217506816538503e+02
1.431233289483559759e+02
8.206845839875774118e+01
1.093468675027905306e+02
1.203171300764037710e+02
1.264187674932447294e+02
1.185667178023351482e+02
1.104878644459569728e+02
1.077185007250911184e+02
