1.245382648170870681e+02
1.259544882866628370e+02
1.126854582755012473e+02
1.216999741457137532e+02
9.405310425489894044e+01
8.145489756476493426e+01
1.184410804194973110e+02
1.384217350262036348e+02
1.372025081812663245e+02
9.241509498196788286e+01
9.699332375000466300e+01
1.108835020543901635e+02
1.006553553209461995e+02
7.947652887146567480e+01
1.550541124548082337e+02
9.689364544206159735e+01
1.218022264167358628e+02
7.054589481374449633e+01
9.715956409950260309e+01
9.634625256821952632e+01
1.613933886804078384e+02
9.414343479112531554e+01
1.254013059503374876e+02
9.548282779730514847e+01
1.361795939947725458e+02
1.109131364127785560e+02
7.485323272690953900e+01
1.410438111861993207e+02
8.908826502084041010e+01
1.294432821815647685e+02
1.135790180437697501e+02
1.243612396052943581e+02
1.194450623573069095e+02
1.069961602731438575e+02
1.225452462380700780e+02
1.400377461292584371e+02
1.363439245403894233e+02
1.422090674811975646e+02
1.263100811431305885e+02
1.580996692365796150e+02
1.129083763160482192e+02
1.329455142726821464e+02
1.335612396229054752e+02
7.552441779346537487e+01
1.179289842056139150e+02
1.430444535703867643e+02
1.087614147990025231e+02
1.215257345116207404e+02
1.110461482296224460e+02
1.238243565304198626e+02
1.182014361772377526e+02
1.367943415235071427e+02
1.477827791644446336e+02
1.355633711928393268e+02
1.439657452657317549e+02
1.046363560120607588e+02
8.581107323957108690e+01
9.091852002809524436e+01
9.824717863260720208e+01
9.644483017247688394e+01
1.567154126786629718e+02
1.416801755547821813e+02
9.103302293805549539e+01
1.308773381529209701e+02
7.801251422043313255e+01
1.074685992694588776e+02
1.115512240677610407e+02
1.497334141691510467e+02
7.592896394603036470e+01
1.142779981784051984e+02
1.078477004871943450e+02
1.278878028021306079e+02
9.827146316592789788e+01
1.231616785475271882e+02
9.799315792204711784e+01
9.782497626525415058e+01
1.288354304986662555e+02
1.389966781321367648e+02
9.274967508005542527e+01
1.119632824167274663e+02
1.466692847894350393e+02
1.125981953555439929e+02
1.131544622313282389e+02
1.252112043600514824e+02
9.515253367098782178e+01
9.661563863692609289e+01
1.069454843815538396e+02
1.166405259572315458e+02
1.419074483886873850e+02
1.602688293404102069e+02
1.126085204197934786e+02
1.042029578191730081e+02
1.279318076018278987e+02
1.250036356384201071e+02
1.085298855307414669e+02
1.361187909453293514e+02
1.049095423398023854e+02
1.554032789635526797e+02
1.329704955386794722e+02
1.032128743593444966e+02
