1.405328485484598104e+02
1.116915622796905723e+02
1.536137504669703731e+02
1.231117121890067949e+02
1.390929435353408792e+02
1.017370620631792804e+02
1.506427089571693330e+02
1.062072156415084123e+02
1.179342965204768916e+02
1.295307868521277896e+02
6.307123790325061918e+01
1.287035476673901542e+02
1.356446596141672103e+02
9.434452183703423600e+01
1.167978520433224645e+02
1.447307877384929498e+02
1.121753538138228095e+02
1.305474123345953785e+02
9.435259634188358291e+01
1.569723875854141397e+02
1.068227786297325252e+02
1.578306857336322082e+02
1.428917197297385542e+02
1.335493921777372464e+02
9.547893956391227732e+01
8.457522349703762643e+01
8.066173663309797348e+01
1.435260101313816108e+02
9.499400255030025164e+01
1.249316899239550906e+02
1.039415753202496546e+02
1.079417777072151807e+02
1.062428809289457803e+02
1.110602794776727222e+02
1.330026017769833402e+02
1.169656419876585716e+02
9.784700124903937990e+01
1.520211341361826385e+02
1.341172822567859555e+02
1.050576417595346044e+02
1.264620922188058785e+02
1.384953545305419311e+02
1.285487425533531791e+02
1.084320115394569939e+02
1.181814015515285377e+02
9.434216048652913855e+01
1.166876585585637969e+02
1.631907856394134910e+02
1.394693133346443403e+02
1.198891046401891316e+02
1.098878130246347240e+02
1.273491360344598746e+02
1.105176724822180461e+02
1.175736228589999541e+02
1.316280504548457770e+02
1.441952123773705239e+02
1.165550829138436910e+02
1.066677859140512226e+02
1.282391985216471539e+02
1.170552398800823966e+02
1.020068926253516537e+02
1.463687561614152912e+02
1.458454654220983571e+02
7.937460467094848582e+01
9.839492802987516029e+01
1.354706954945123982e+02
9.431861088588647135e+01
1.845384658576028016e+02
1.025313484201678449e+02
1.016534032650022823e+02
1.134963825436757361e+02
1.600026261672524299e+02
1.094773598581508907e+02
1.486312223474971574e+02
1.383869965576378718e+02
9.647874578209258800e+01
1.347123924286917145e+02
9.431140853446389372e+01
1.136174309323700413e+02
1.023252001423465884e+02
1.502126346150221252e+02
1.212923943463315481e+02
1.138458350957097736e+02
1.063065137444263542e+02
1.119802424588282577e+02
1.081921251825472865e+02
1.146492157717869986e+02
9.115237859042481716e+01
1.052051827081752435e+02
9.108871553061463544e+01
1.490743333117019063e+02
1.113362621277646411e+02
1.653412696561154291e+02
9.743361904669539797e+01
1.106904080820941232e+02
1.060132777846425398e+02
1.343744563337853606e+02
1.254829020001196085e+02
1.345163794260705572e+02
1.356641972112617509e+02
