1.396559333436638894e+02
9.170560655316657517e+01
1.130741057091074282e+02
1.303633748034653763e+02
6.289909646234431762e+01
1.277892381923694671e+02
1.379194934906236085e+02
1.129773208261527202e+02
1.137653614311055463e+02
1.298411573128332179e+02
9.488419957995944287e+01
9.281472656381008335e+01
1.414522413904414577e+02
1.360435721794703170e+02
1.092185889385320650e+02
1.111852255484337064e+02
9.250176134269260331e+01
1.659127622757697509e+02
1.154033820892118172e+02
1.212718229911188388e+02
1.280457000295511989e+02
1.046782255164374220e+02
1.527156694012344360e+02
1.174741844981058563e+02
8.346838087049957267e+01
1.433628728197766122e+02
9.478709136741471752e+01
8.600405212238811714e+01
7.863643537408177053e+01
1.340371430387115481e+02
1.433870235517607625e+02
1.143727615521769678e+02
1.125915793026136527e+02
1.510821330536265066e+02
1.238915623038588194e+02
1.428633269220487136e+02
1.356473714779824604e+02
1.224598435928819384e+02
9.487780977674461269e+01
9.968475134444048535e+01
1.384759126064249131e+02
1.006945729021378497e+02
7.059256111525006361e+01
9.226815553251992696e+01
1.075731769431518074e+02
1.064348692679676844e+02
1.237948463182000580e+02
1.342893380658418323e+02
1.203714661771033008e+02
1.280329662793944294e+02
1.183970186403566629e+02
1.372732234408624947e+02
1.362425717533467946e+02
7.670568382500589166e+01
1.347415107796757638e+02
1.525415397630621328e+02
7.430684532793083008e+01
1.278881066443026526e+02
1.507534851881565032e+02
1.339629524015675770e+02
1.006975583269650514e+02
9.199593607851608112e+01
1.028172976139346133e+02
1.421968331750297523e+02
1.095961555000225758e+02
1.060048818811302027e+02
1.327203054048303557e+02
9.820071587890966214e+01
1.328700538965114788e+02
1.286870177896529128e+02
1.120765024791161864e+02
9.409918361544883680e+01
1.042404962380870757e+02
1.481043164838116581e+02
1.229165592087459373e+02
1.132582631155621016e+02
1.437444109367384897e+02
1.368820494947618158e+02
1.467298775165212987e+02
1.217404274961325825e+02
1.310853920879095824e+02
1.494622588315561984e+02
1.388380635059261579e+02
1.550807804014539784e+02
1.586556734646127325e+02
1.128200450805902335e+02
6.763753238825576375e+01
1.229683693517830534e+02
9.941222390252276853e+01
1.016867867776099530e+02
9.575850128774010273e+01
1.090012399097938953e+02
8.591117159411111004e+01
1.292246836464521493e+02
1.250068382819447805e+02
1.306671835754406743e+02
1.193121404807267112e+02
1.174325770541720004e+02
9.751833744757821876e+01
8.459631922326096287e+01
