1.151771128856452435e+02
1.143361190882804550e+02
1.305841257786180449e+02
1.220930684581376084e+02
1.465892041564050317e+02
7.209848387441692807e+01
1.254723509996604633e+02
1.339607715390316116e+02
1.777039783153043686e+02
1.212983440079013207e+02
1.236296289537977771e+02
9.421094502405659910e+01
1.279666879122191432e+02
1.162006159948151236e+02
1.225551682070371839e+02
1.510216464020439844e+02
9.088552500556372138e+01
1.154849503695082262e+02
1.383857149485852460e+02
1.238984283322839559e+02
1.108585416695435129e+02
1.332097231523617040e+02
1.389514695747365920e+02
1.326558702185591017e+02
1.132368384796559297e+02
1.076825182734693271e+02
1.358457781506307356e+02
1.167516586428756966e+02
1.229771497998702614e+02
1.502688620262029531e+02
1.079379072787735936e+02
1.189865529746525254e+02
1.040832519171414390e+02
1.160239869925110838e+02
1.322911524885284393e+02
1.096078094682947039e+02
1.058564587545274378e+02
1.006444027449155385e+02
1.358527946466855383e+02
1.224854816829880519e+02
1.518918491488126676e+02
1.275960675986333968e+02
1.252430039727301363e+02
1.265838467485532135e+02
1.301446849130638270e+02
1.491859926220380714e+02
1.045837051090655194e+02
1.230194475099753220e+02
1.469859877693014027e+02
1.386552683790886817e+02
1.221810961397545867e+02
1.064681082053686225e+02
1.232117988611778401e+02
1.218857292099963843e+02
9.345071337777292797e+01
1.200312314177945439e+02
1.656369121538047011e+02
1.192010412864855624e+02
1.207367003520423765e+02
9.361308619853963364e+01
9.675733266500128593e+01
1.139443841639252497e+02
1.126162636168446767e+02
1.012789955304527467e+02
1.166635858054628017e+02
1.127407302887064162e+02
1.238306074174786602e+02
1.151551082622078042e+02
1.150930032247411958e+02
1.068890704212244600e+02
1.201191933469830673e+02
1.516744325901199772e+02
1.256196500339673037e+02
1.249786112804050049e+02
1.421222422370029221e+02
1.280453985800976398e+02
1.226387571532000322e+02
1.238050864339717805e+02
1.127807779388854357e+02
9.903340830286148844e+01
1.045333236912482562e+02
1.047982733181269595e+02
1.140102454363693880e+02
9.751171729586290837e+01
1.066314289396290036e+02
1.078813668229751670e+02
1.250944353267333895e+02
1.470051974592132922e+02
1.230894595116022856e+02
7.266530431026589554e+01
6.423394823803297982e+01
1.308820972751031491e+02
1.155552077260958868e+02
1.418120620320142109e+02
1.243653773951381112e+02
1.287671025240455833e+02
1.246607751313885473e+02
1.196752589956728201e+02
8.497879975495564508e+01
7.305505936954516244e+01
