1.027752288021110871e+02
1.058618775999635488e+02
9.165182187617634213e+01
1.180483851558546320e+02
1.528067774398758729e+02
1.650116356961744941e+02
1.159963018002193138e+02
1.002516481647880369e+02
9.338461546239659583e+01
1.052890068153243419e+02
1.175726179332691146e+02
1.180804058968328718e+02
1.248081898903137272e+02
1.013369849311168736e+02
1.376714064850015120e+02
1.283570953938263131e+02
1.444239123990964799e+02
1.126119422103956111e+02
1.135174381999979261e+02
8.823913141726487197e+01
9.785430807399347941e+01
1.095971279211588723e+02
1.002063264879695055e+02
1.426021534541861797e+02
9.851024177978094087e+01
1.570271039808452542e+02
1.309815381975586774e+02
1.166698884102033418e+02
1.264662530874391280e+02
8.811400048874703828e+01
1.516678879275169720e+02
1.262179815212821268e+02
1.113238932915743504e+02
1.334467888155009803e+02
1.330962480983114631e+02
1.363781894636578613e+02
1.209303324759402329e+02
1.286106808868277653e+02
9.579852794177242004e+01
1.306816677182961257e+02
1.161541840582609808e+02
1.274937184822552041e+02
1.672337300919486722e+02
1.159568183585735852e+02
1.234366865789093879e+02
1.322787848440589187e+02
1.300146368792170222e+02
1.368059122064468625e+02
1.168108862650612991e+02
1.154528711954083917e+02
1.317542274546384817e+02
1.239028542562156048e+02
1.063963234200659542e+02
8.226298900708754047e+01
1.037407913449467713e+02
1.245795396349883788e+02
1.076321669129263512e+02
1.552687818469188983e+02
1.551826306564804554e+02
1.400803086400808297e+02
9.938847033436914558e+01
9.478551568387842963e+01
1.108454741715602125e+02
8.695775967642758530e+01
9.931336950770132432e+01
1.182219976801058010e+02
9.685111659131251827e+01
1.281749384050934850e+02
1.615820043471022700e+02
1.393473988671547090e+02
1.253818195278655026e+02
1.212249316258693455e+02
8.972107668631645083e+01
1.111412098205917687e+02
1.552373864148513007e+02
9.725351874378497996e+01
1.261425768208501950e+02
1.052469590601796767e+02
1.334428882023340179e+02
8.543989699070098709e+01
1.008326958236427799e+02
1.372701708027880727e+02
8.049316571057431702e+01
1.207800067274421849e+02
1.188230772137540470e+02
1.366756963482459923e+02
9.326870233065923799e+01
1.110189507387769936e+02
1.149796841636126601e+02
1.424301291896227895e+02
1.034227695119943746e+02
1.365500499267211012e+02
8.715262090114589455e+01
1.082493378663295402e+02
9.912479159604632173e+01
8.952846898458471969e+01
1.411157161759800829e+02
1.324919399379406855e+02
1.129087054236364054e+02
1.143736698608663005e+02
