9.649197244096504278e+01
1.249949184842690642e+02
1.213246862883741102e+02
8.864477730721002047e+01
1.225642612134600711e+02
1.169469930119608421e+02
9.680993349334084996e+01
1.189494141696403204e+02
1.145398324863406430e+02
1.079701875268575577e+02
1.027834474023256348e+02
1.046710605263818508e+02
1.470296394453945936e+02
1.007496881007550229e+02
9.002869243481920591e+01
1.529307771022349414e+02
1.109409368695804403e+02
1.041732881647004092e+02
1.182768944719703086e+02
7.788972195330471493e+01
1.573114747326128509e+02
1.161060681328434327e+02
1.422259606752093077e+02
1.325060113925877658e+02
1.487867909445628811e+02
1.402188661070175044e+02
1.602737745957535935e+02
1.264290894676029353e+02
1.109309241260066869e+02
1.337254981435341392e+02
1.211831817166912373e+02
9.757253577176879844e+01
1.112458887965590009e+02
1.567418031887366112e+02
1.317117568516100619e+02
1.130034865000444739e+02
1.158142636304323787e+02
1.209503780699650690e+02
1.686841837791940861e+02
1.353014286505875248e+02
7.496268953568647930e+01
1.194701908438293287e+02
1.211717774591588750e+02
1.447970967165388174e+02
1.113157834945691320e+02
1.093480842916877691e+02
1.157495476784993542e+02
1.561918706808490072e+02
1.385898759036371075e+02
1.047025281197961988e+02
1.385168915526280387e+02
1.105199260386390847e+02
1.036659382845536754e+02
1.527134646986368125e+02
1.183304084623276395e+02
1.325852736326684180e+02
1.091359099233305443e+02
1.194273598595008821e+02
1.195933311586290415e+02
1.424706843654481361e+02
8.698199491444964337e+01
9.926958005264525298e+01
9.702997869389000130e+01
1.342122841702887683e+02
1.155835989312423209e+02
1.021890791376434464e+02
1.004199092146391479e+02
1.311044897199900845e+02
1.031327176777731722e+02
1.208268542045548202e+02
1.438850905410683367e+02
1.312474555875953968e+02
1.365423815366137887e+02
1.402464205004279734e+02
9.200941287088168963e+01
1.099529238588541205e+02
1.723931874154243360e+02
1.248429247946713332e+02
1.714863882037385565e+02
1.235741466017409209e+02
1.101088674109881822e+02
1.320478676656356356e+02
1.064792804943361517e+02
1.259744370924425994e+02
1.176388858798995756e+02
9.789432127534168160e+01
1.113376539990334919e+02
8.499387545940896871e+01
1.213142169282230611e+02
1.684707890260024499e+02
1.016576721244555017e+02
1.276275700511587274e+02
1.298638344730582048e+02
1.167864953010593752e+02
1.050956148098055252e+02
1.555624650152257402e+02
8.555888634739002896e+01
1.162812794717723648e+02
1.267247167009075497e+02
1.223691837723471565e+02
