1.138687433023683724e+02 3.713788433627326668e+01
7.051509739340855276e+01 3.398207999399016188e+01
1.360369230703496441e+02 3.160297135438386107e+01
1.027824796893181087e+02 3.449947255493614051e+01
1.326339589446483274e+02 3.754684863288030527e+01
1.354745107437542799e+02 3.971084963597827766e+01
1.088989390432858357e+02 3.341777413285711162e+01
1.521197272789674741e+02 4.057985936139299099e+01
1.384298562534716552e+02 3.741250509279081626e+01
1.179587042233422665e+02 3.411006806461690388e+01
1.536868905662639122e+02 3.371580366867182477e+01
1.166436298190038912e+02 3.745770964769990030e+01
1.052021379141137061e+02 3.143632555793780980e+01
1.185488194649085614e+02 3.317803275793097839e+01
1.332508165652489822e+02 3.542476822956109572e+01
1.181079474543978023e+02 4.001739190245453415e+01
1.110688323116892917e+02 3.485293612744717251e+01
1.128967470194020564e+02 3.518751782567974118e+01
1.144258532812665266e+02 3.673513739261979794e+01
1.362227242127756028e+02 4.008592823682171513e+01
1.551754901796032300e+02 3.641970045490089802e+01
1.338180117846149813e+02 3.411194762466855934e+01
9.369199487410681115e+01 3.609830185331673391e+01
1.335727456395340198e+02 3.673728927529305821e+01
1.300386929771001405e+02 2.966908423418149354e+01
1.160225691302636335e+02 3.680900077215044774e+01
9.416465703140532639e+01 3.457179136018136489e+01
1.412781805444319332e+02 3.265981009698589332e+01
1.537426992281353080e+02 4.006761216699005246e+01
1.307678473224997902e+02 3.465679373870598567e+01
1.240142729607599819e+02 3.647433994525813006e+01
1.018087562597611964e+02 3.546183197921633479e+01
1.221356432317906808e+02 3.213831877622762789e+01
1.005693520920214183e+02 3.824213851785501106e+01
1.298098908787849268e+02 3.510446701970206362e+01
9.369717281562789424e+01 3.780656912134455183e+01
1.178079127736178719e+02 3.923411150457275198e+01
1.337023335546929559e+02 4.024376487934627278e+01
1.133383643377417940e+02 3.502736121183989582e+01
6.280782030009386574e+01 3.353787259434523804e+01
1.087104912549080069e+02 3.339072214451796583e+01
8.031229347953956221e+01 3.137891286076795083e+01
1.121352967639435718e+02 3.171336399691876906e+01
1.419304970991991866e+02 3.999896677241356713e+01
1.579796375965158575e+02 3.719658874918396663e+01
1.132043001728285816e+02 3.553210455444342841e+01
1.133492959171233281e+02 3.672442114967888926e+01
1.202509124395158580e+02 3.737141788754250626e+01
8.200316142683792009e+01 3.514315380917894771e+01
1.440761008148020892e+02 3.443107258548970862e+01
1.075765947710585380e+02 3.626885158282299670e+01
1.398484586076865526e+02 3.367229917224759106e+01
1.554576589004057041e+02 3.899199704907017150e+01
1.001132505379873265e+02 3.197886855073758738e+01
1.200442013677667177e+02 3.449889513479579506e+01
1.316642982366669798e+02 3.795662268605486389e+01
1.208810566867090586e+02 3.484783774325745043e+01
1.110627190979048180e+02 3.193781142731065259e+01
1.026912499876737286e+02 3.859805306594964946e+01
1.152933170126129880e+02 3.442004989058852971e+01
1.536105997796160523e+02 4.065414714890081171e+01
1.469713095630038708e+02 3.922876446549908991e+01
1.384472472271376660e+02 3.550912396699497720e+01
1.242144092478582849e+02 4.050897793985399886e+01
1.037351631070664411e+02 3.376917403734409362e+01
1.029822947463065361e+02 3.440167279688773760e+01
1.106040053160886458e+02 3.542847854716663392e+01
1.170947147467620653e+02 3.643782369048626180e+01
1.482623464919115577e+02 3.381839235667089127e+01
9.093570802592947189e+01 2.896499209211975057e+01
9.074484145518830758e+01 3.575165769240695113e+01
1.226846098116853909e+02 3.225370740945214010e+01
7.945970339044036734e+01 3.564833305827124832e+01
1.224616263200286994e+02 3.620930015408014668e+01
1.629230924032595453e+02 3.651451874940231335e+01
1.603041693024622703e+02 3.484374109665778718e+01
1.329971455274046548e+02 3.626564976044829081e+01
1.307064708572625307e+02 3.787174024493329227e+01
8.677818802899204798e+01 3.055203000992604245e+01
9.780566498981643520e+01 3.500584795196957089e+01
1.614934672294216966e+02 3.720185947419221861e+01
9.891826651193227349e+01 3.074117196786104600e+01
7.933803797559146176e+01 3.589490230200767229e+01
1.464210903390449801e+02 3.340379467334923191e+01
1.024080646467759266e+02 3.409899301382863257e+01
1.140909332407119052e+02 3.447290087418705440e+01
1.407539152553131601e+02 3.690577304138840020e+01
1.409758954003799545e+02 3.518207478742511540e+01
1.351375728024950149e+02 3.680162912955897525e+01
1.208236677928671696e+02 3.644795349324643041e+01
1.009510970689573810e+02 2.884678558859773290e+01
1.542045496325885949e+02 3.696461299829784508e+01
1.429297881520561759e+02 3.449200803900222212e+01
8.260696604041152113e+01 3.600428348130497369e+01
1.096208510675596983e+02 3.457721259729287056e+01
1.202621160703337466e+02 3.374163198677459974e+01
1.262981782166570213e+02 4.050033625137263726e+01
1.190639034849505862e+02 3.376219844849243401e+01
1.103145373906492921e+02 3.879117833015730099e+01
1.081234792722613065e+02 3.238397361824920750e+01
