1.029112091545250820e+02 3.356402841562093187e+01
1.064976740165392357e+02 3.534510846822096397e+01
9.232196448824107904e+01 3.892474245479301942e+01
1.182162404634058674e+02 3.398720616169223518e+01
1.530041303311118384e+02 3.608102677011132897e+01
1.653374961886885046e+02 3.749686540760865938e+01
1.158730587355716182e+02 3.676917498977444154e+01
1.006114426953017187e+02 3.302812254671300707e+01
9.331106507375906745e+01 3.489761152175868375e+01
1.051390040334749472e+02 4.060858079094255402e+01
1.175736149946420710e+02 3.330065540032669702e+01
1.180453683386249253e+02 3.607867502562992001e+01
1.252781355001158801e+02 3.193827598783624566e+01
1.011588631207253854e+02 3.366021435173299636e+01
1.377276118286910958e+02 3.682793130475679533e+01
1.285741809926159362e+02 3.762293680078403213e+01
1.438705313991139860e+02 3.186893227198268264e+01
1.124090154034503684e+02 3.315503210275566914e+01
1.138941986341943533e+02 3.711361694631131769e+01
8.801739038925333602e+01 3.516171945758693340e+01
9.806730231813135390e+01 3.924284074967545877e+01
1.089936132393897026e+02 3.190186063413183248e+01
1.003111350539283393e+02 4.105106480659614476e+01
1.430819016812037034e+02 3.733892582448176256e+01
9.797295818841146797e+01 3.565971220787531593e+01
1.564309898301879969e+02 4.081090264724354455e+01
1.308503549325781989e+02 3.362333403692985456e+01
1.166847212196510952e+02 3.682851467305084725e+01
1.262798668051702009e+02 3.403388677959136288e+01
8.789102210414471017e+01 3.378896814429202067e+01
1.518869840628069880e+02 3.812358083876354442e+01
1.259114115644774188e+02 3.432245098710494347e+01
1.109696168309801010e+02 3.565412267485252329e+01
1.333260877154336583e+02 3.852268829775952241e+01
1.325576501859326868e+02 3.444816859585210977e+01
1.364515871444509116e+02 3.378916017268316807e+01
1.207054244221087487e+02 3.428287697304159565e+01
1.286087866594277784e+02 3.919348606129883450e+01
9.607871199369706972e+01 3.362073923176088641e+01
1.307695565886895395e+02 3.844592615172290095e+01
1.164223259978124219e+02 3.350285336630510358e+01
1.271882366502229189e+02 3.812821500435189392e+01
1.672329973519886721e+02 3.785990475297688818e+01
1.160071145811053412e+02 3.564284796777549502e+01
1.235121304080429070e+02 3.597156801534650583e+01
1.326759843891103969e+02 3.670197561791557916e+01
1.300067755854365430e+02 3.651613885240587365e+01
1.366970190934151503e+02 3.735822715766123991e+01
1.164431232004739059e+02 3.589101347852778190e+01
1.159005595158518958e+02 3.762800235569991258e+01
1.312993339892865379e+02 3.818925747029069839e+01
1.235646237112257211e+02 3.582049829444687816e+01
1.061134110133278483e+02 3.775575607518106835e+01
8.233296054855755131e+01 3.396630604358177408e+01
1.042159527474370577e+02 3.359789098122692508e+01
1.252349600547668587e+02 3.521697379383904547e+01
1.078281688963242573e+02 3.322292195963812844e+01
1.550405613919597556e+02 3.802294375385196190e+01
1.552061331318084285e+02 3.348750149139745247e+01
1.399948248346345849e+02 3.342591740267764067e+01
9.932466332947528542e+01 3.079860035086776548e+01
9.504790891274556941e+01 2.875638918684572332e+01
1.111148304383074219e+02 3.265130983970087897e+01
8.723862957005532337e+01 3.304843498513941569e+01
9.906391074952200881e+01 3.352711404040419296e+01
1.184876148304182095e+02 3.607938498312528708e+01
9.658410609899107158e+01 3.664955288629702324e+01
1.280530384760765799e+02 3.466784453702155133e+01
1.616901022139563224e+02 3.542760952222680970e+01
1.397112982148928779e+02 3.741622069979914045e+01
1.254025162454294247e+02 3.819380377216762668e+01
1.210304445029294556e+02 3.533125315797929744e+01
8.977552176685453844e+01 3.220342951408830601e+01
1.108229245814462018e+02 3.738044482674961699e+01
1.561184211562302266e+02 4.109789745978376629e+01
9.660610596780432502e+01 3.557391604014607367e+01
1.262839104498222014e+02 3.724994564734137015e+01
1.058590534127071550e+02 3.519560081406562091e+01
1.332873286636068144e+02 3.217399889722231876e+01
8.567813810741972702e+01 3.599190098773841839e+01
1.000961586356057609e+02 3.651207899886988884e+01
1.374675014094143251e+02 3.789824461249850174e+01
8.100245854190106343e+01 3.691346240624218211e+01
1.206219858739003712e+02 3.541162529652830671e+01
1.185799596488086536e+02 3.393081991203732173e+01
1.366653236086930576e+02 3.767762414127616921e+01
9.291057261437947545e+01 3.724574242501503818e+01
1.107392317208785499e+02 3.497774465901142804e+01
1.146840053810992970e+02 2.924873612588595506e+01
1.428242222248125017e+02 3.072341869971428352e+01
1.039028702395862496e+02 3.893188025014731579e+01
1.364368914192248496e+02 3.087782888894100708e+01
8.698128627976859661e+01 3.727490928758350464e+01
1.079085885316438294e+02 3.302683025313518783e+01
9.938768497213332864e+01 4.011659068351389834e+01
8.984069288590703195e+01 3.939264729053736147e+01
1.413733497910111794e+02 3.766940088518155250e+01
1.318941724244916713e+02 4.085204403843907528e+01
1.125327941691821394e+02 3.475742204332960483e+01
1.146587236762308493e+02 3.655311880725500373e+01
