1.383065869349568402e+02 3.784247634257467752e+01
8.967376691188890447e+01 3.155901840730153651e+01
1.127927799731207585e+02 3.467745957280295244e+01
1.290093385205179288e+02 3.376820742861178104e+01
6.376239250322797858e+01 3.386961725015685687e+01
1.268260909872646209e+02 3.797721021873148572e+01
1.362199184878257938e+02 3.348954095927478392e+01
1.141910961543770497e+02 3.550335499309301213e+01
1.113166948152019700e+02 3.305776253668351217e+01
1.266340586243390334e+02 3.813557108519547256e+01
9.410499978025708856e+01 3.207967480808176219e+01
9.286475538012820152e+01 3.427780263631368740e+01
1.408721831196749861e+02 3.435119093572278359e+01
1.324566454654925849e+02 3.321025435977923479e+01
1.067533305097332743e+02 3.212624157035718753e+01
1.087143538532042442e+02 3.338113012346853736e+01
8.892843977159125757e+01 3.275877518602968053e+01
1.612417631402569782e+02 3.638976488356029648e+01
1.154982936391925392e+02 3.628085563559911719e+01
1.185501543448592088e+02 3.342868701593552316e+01
1.260250743684140531e+02 3.554839873528295158e+01
1.016017403681097591e+02 3.364702048329367301e+01
1.532581362049112386e+02 3.863800594553354273e+01
1.127001721292228638e+02 3.689236346226804386e+01
8.221791597483102976e+01 3.214014792300767454e+01
1.442235930532556551e+02 3.613295101475681292e+01
9.492329963462783837e+01 3.598116356953681816e+01
8.494513764486040941e+01 3.635996538610989148e+01
7.834674028352277730e+01 3.520748424849163882e+01
1.342085162982890267e+02 3.703056294306873042e+01
1.427157101625742257e+02 3.053067385063184958e+01
1.135336459049352413e+02 3.196702415028214261e+01
1.070118332228244782e+02 3.395265297137727600e+01
1.467142641630411219e+02 3.693986992560486016e+01
1.232288640668711821e+02 3.763441098026923015e+01
1.428836413480952956e+02 3.746200053757789306e+01
1.340323441770299269e+02 3.585930415339047528e+01
1.217353446321281609e+02 3.618681470213891060e+01
9.268809101247622095e+01 3.449469899179936760e+01
9.858426139819268030e+01 3.547987282325591707e+01
1.349535384394362438e+02 4.061898639000392564e+01
1.003031058338856099e+02 3.793832601993666032e+01
7.064032282868761570e+01 2.815580342470682140e+01
9.153446914183828653e+01 3.763970895526920657e+01
1.060485348536552834e+02 3.269934709006373197e+01
1.067316114449205315e+02 3.501642864202510452e+01
1.229120230082511966e+02 3.617779303856127626e+01
1.341868073788440654e+02 3.412172202722513958e+01
1.200667790811305906e+02 3.404031721526150278e+01
1.276432480113486321e+02 3.687880549957753828e+01
1.175685061633489141e+02 3.545424511875124551e+01
1.363129825751279611e+02 3.402228109261933042e+01
1.353040057266856593e+02 3.598853516467386982e+01
7.668578282763778020e+01 3.105987130888038195e+01
1.343214194840802236e+02 4.038570519798590652e+01
1.515600182026525147e+02 3.850790854254395867e+01
7.268871791282728623e+01 3.482346600145331905e+01
1.277135305212179617e+02 3.515759864990845784e+01
1.491271345852489958e+02 3.866519347839592768e+01
1.337128374013342409e+02 3.222985178590521826e+01
1.000815064778591221e+02 3.171932836407113854e+01
9.108772527581753309e+01 3.584803035500105040e+01
1.026255891576514756e+02 3.185198367811679887e+01
1.404811877446324218e+02 3.265096952045293222e+01
1.093948774652389346e+02 3.278560473133624953e+01
1.069839565320064594e+02 3.587041536555525312e+01
1.317061202647857954e+02 3.828192836343104233e+01
9.651724340838332239e+01 3.135131116367455206e+01
1.335505765178059789e+02 3.144532339117220943e+01
1.285257141198335376e+02 3.522251643907003427e+01
1.095692128071548694e+02 3.612913191635254151e+01
9.267354082018995598e+01 3.421354808190656627e+01
1.049053350984070221e+02 3.270535216649602006e+01
1.428655695167294368e+02 3.416896335612533875e+01
1.211279385460505296e+02 3.600439748201002033e+01
1.148640427682960592e+02 3.341748425765539565e+01
1.434108378273240589e+02 3.518798813467658704e+01
1.378004496004977852e+02 3.846766624242908961e+01
1.426914717179343768e+02 3.548936372768197600e+01
1.188987349169095324e+02 3.381086086008922820e+01
1.314323139395708040e+02 3.930810515741011102e+01
1.454246954906699614e+02 3.922003797840238803e+01
1.380388361267732762e+02 4.018027880352153147e+01
1.548832381705234695e+02 3.773083606922391908e+01
1.584982730573135825e+02 3.396679250633199842e+01
1.127455705654957825e+02 3.261566459705220211e+01
6.791892225095658375e+01 3.281220811567234108e+01
1.225908373180995028e+02 3.367440227049539203e+01
9.831028765023286553e+01 3.350277783547408461e+01
1.031114603565127368e+02 3.472166038755541706e+01
9.673053552967978419e+01 3.022139556936040705e+01
1.083385189843197054e+02 3.398877267736258290e+01
8.304019104804342533e+01 3.246482073590555473e+01
1.283931973006571354e+02 3.068580705121648222e+01
1.232622002288205607e+02 3.520758243812833399e+01
1.292898734019079257e+02 3.805527725233354630e+01
1.153302353253985757e+02 3.545302545921657611e+01
1.169329335450495080e+02 3.506393803496467143e+01
9.706055096502191759e+01 3.370851274759102267e+01
8.457360301200843367e+01 3.159421297897957714e+01
