9.676822236435172897e+01 3.738448412712652669e+01
1.256233711094412513e+02 3.684338772706568221e+01
1.207355327351735639e+02 3.888019813999760288e+01
8.806732015839276073e+01 3.441864662070389613e+01
1.223859385969577573e+02 3.886226896249817742e+01
1.173946772250276496e+02 3.688479801006747749e+01
9.641247725987152251e+01 3.774711717487407725e+01
1.201202520270585552e+02 3.888602147502959383e+01
1.145969483535389628e+02 3.634810407843899327e+01
1.075495131539871494e+02 3.715451898309437695e+01
1.026912422997481116e+02 3.639885832242178765e+01
1.051536036857791032e+02 3.143830080699846263e+01
1.470281591657673346e+02 3.512893646730108088e+01
1.007491284408563246e+02 3.305898591659229169e+01
9.011732502373081388e+01 3.299498587363314783e+01
1.529540866101836230e+02 3.824825393758702319e+01
1.116423818122951559e+02 4.306002797341549382e+01
1.035577789891043494e+02 3.667613634282503199e+01
1.180895435359549737e+02 3.386924454694784004e+01
7.777217173942931083e+01 3.580237450501071805e+01
1.580002619210951593e+02 3.934575923569516220e+01
1.160099646743467048e+02 3.293755128335144633e+01
1.426359117472512139e+02 3.790472152056307920e+01
1.321527726729739811e+02 3.612517779552301533e+01
1.488272293319304822e+02 3.379374923028018429e+01
1.394087594334175719e+02 3.812638348386103360e+01
1.609075932055095279e+02 3.448532646462885509e+01
1.258758511825702868e+02 3.337783130498192463e+01
1.104908829688182550e+02 3.438790599880709209e+01
1.334531411278829296e+02 3.590657944934188350e+01
1.210361410021369579e+02 3.466313209344647106e+01
9.769589562344916089e+01 3.102482052206334728e+01
1.110148672209519845e+02 3.343668209186120066e+01
1.565621297869905391e+02 3.897802543597669001e+01
1.317680536190915745e+02 3.516454823985068145e+01
1.128201693730629529e+02 3.522229878877240594e+01
1.154540904647394797e+02 3.472501375373993682e+01
1.212080265136288659e+02 3.953048397358954702e+01
1.697819669118926242e+02 3.744047669624300312e+01
1.349347222050777759e+02 3.589847514442639920e+01
7.465023402496441918e+01 3.688820671185337119e+01
1.193447934940726327e+02 3.354091228003997571e+01
1.212422811205529598e+02 3.492920301726378796e+01
1.446450516931963932e+02 3.334628256432604587e+01
1.112730528819290470e+02 3.482180980055689901e+01
1.102004774622845673e+02 3.649579654784820804e+01
1.154926112434902734e+02 3.789000823283969055e+01
1.558750100710600179e+02 3.644740752181784416e+01
1.384741322186846162e+02 3.636225888296030462e+01
1.050451363302989449e+02 3.623279841291449088e+01
1.388089125080742292e+02 3.463328913189414493e+01
1.103722135560702498e+02 3.582427230279545682e+01
1.036207513738822712e+02 3.217714998580121488e+01
1.529663594532794377e+02 3.453817225350593390e+01
1.182950119407314844e+02 3.448311974852222761e+01
1.323829461595346118e+02 3.588917136165109412e+01
1.093704318076734268e+02 3.505995990117195049e+01
1.196977281897946028e+02 4.005543749425793010e+01
1.188840114939999069e+02 3.874168306069109491e+01
1.420120723194234529e+02 3.904866577123900839e+01
8.674440286500275477e+01 3.683839867085568187e+01
9.887732379147971074e+01 3.940812317027493350e+01
9.708571595414535693e+01 3.265837627953917632e+01
1.343295827225044263e+02 3.782339045438016001e+01
1.153903721376631211e+02 3.353552004523520225e+01
1.023908908095084627e+02 3.489466325620600173e+01
1.001618664131843275e+02 3.495224049849760206e+01
1.307315384205916757e+02 3.782000941487591206e+01
1.035495090518656696e+02 3.536871555194213812e+01
1.206436014520560178e+02 3.772214577793363333e+01
1.438533704530066473e+02 3.839745077726925615e+01
1.314942723461946343e+02 3.863952842062303716e+01
1.364090384810043872e+02 3.463796060798430432e+01
1.404123364139364014e+02 3.899823933084566363e+01
9.186418956797412250e+01 3.470203440895884484e+01
1.098343719519681230e+02 2.691574035303276347e+01
1.731867219157527416e+02 3.873410949189089081e+01
1.250163389576460276e+02 3.832648832107665982e+01
1.720247821512238318e+02 3.700141911855953936e+01
1.235356479806832937e+02 3.665009846282877959e+01
1.100884979219782167e+02 3.561818449600829695e+01
1.314537217209240509e+02 3.654241082272017849e+01
1.066449254234272104e+02 3.130724865825050784e+01
1.257640307729235190e+02 3.466783068028024672e+01
1.178772565157547376e+02 3.258481552807019455e+01
9.778090153062765921e+01 3.672149421111537748e+01
1.111569088746614256e+02 3.468730738257525559e+01
8.484071097924476135e+01 3.302700644285683751e+01
1.212982618611190730e+02 3.929660358725848823e+01
1.686164887676369517e+02 3.569064967707741687e+01
1.013120993519440702e+02 3.848798034875742502e+01
1.274370013790454550e+02 3.720199035597450887e+01
1.298895649005870894e+02 3.841645340639054496e+01
1.163023092897249597e+02 3.700346466179357208e+01
1.046447092049035064e+02 3.588871607153696175e+01
1.551486048039399464e+02 4.141994396048630023e+01
8.526495140911362114e+01 3.331708736257548509e+01
1.167618090655338534e+02 3.400538021168269154e+01
1.262658605630109037e+02 3.649408871979161262e+01
1.227961763715983636e+02 3.698689650097878001e+01
