1.401653632168384718e+02 3.307420438952466668e+01
1.120068111009828726e+02 3.924939815491548956e+01
1.530387254872809990e+02 3.974586694366760753e+01
1.229607686423013178e+02 3.809432404133252703e+01
1.391427761300531074e+02 3.647977369834025296e+01
1.012036144948962288e+02 3.853524866695970275e+01
1.508412213908816284e+02 3.852268045987364786e+01
1.063698374928539607e+02 3.159845564931797313e+01
1.177456332975195750e+02 3.578946082187000144e+01
1.298021791320369118e+02 3.361493424830343457e+01
6.305970559485559335e+01 3.219192789348623052e+01
1.291969554746874564e+02 3.447184623719888208e+01
1.357335060525296910e+02 3.757271553649544416e+01
9.432103514155981827e+01 3.483801713967612557e+01
1.167480284824275429e+02 3.914384176989604924e+01
1.434690016846791423e+02 3.811191787185182278e+01
1.124750376648443080e+02 3.283557358050552466e+01
1.304219986185518678e+02 3.677445114536449466e+01
9.450919628301524256e+01 3.491046636076683285e+01
1.571276833298189501e+02 3.594403111943370988e+01
1.072826279068940352e+02 3.675204442867423182e+01
1.580590281884728370e+02 2.999267160770800089e+01
1.430416065435451287e+02 3.313753377213068774e+01
1.334392942549164047e+02 3.319222819950512360e+01
9.550068084977623073e+01 3.221088131668520305e+01
8.483867680050283866e+01 3.678210202977516730e+01
8.087844601651580945e+01 3.046086369457364640e+01
1.437301259615396987e+02 3.724313696591725886e+01
9.462133558452350712e+01 3.007093826454320862e+01
1.253934218081596299e+02 3.523218714457686929e+01
1.043048522659220509e+02 3.675510571032148732e+01
1.083557345407967745e+02 3.408330036769642390e+01
1.057323458701449255e+02 3.289072278091310153e+01
1.108324896123715462e+02 3.485720101449827268e+01
1.331491057533429796e+02 3.271418972792669422e+01
1.166816487757510004e+02 3.582040244858940525e+01
9.775016122109626338e+01 3.516730485459725486e+01
1.526795697245642600e+02 3.259451594667851992e+01
1.335968976151117715e+02 3.559083209458241015e+01
1.055799652923312095e+02 3.736191479897274803e+01
1.257980084901241185e+02 3.660885346507729565e+01
1.372358547971708163e+02 3.384057284707948554e+01
1.281163936669257453e+02 3.731582662476453294e+01
1.078504933655554225e+02 3.218775475775179018e+01
1.189451502923702293e+02 3.312937044773985917e+01
9.441779643991728221e+01 3.262369994618149605e+01
1.168806050425546772e+02 3.292832051783052805e+01
1.631551085806352432e+02 3.592114511683693934e+01
1.399557893560867683e+02 3.406782441366495107e+01
1.204231626930253611e+02 3.123072273646271668e+01
1.096547778923576004e+02 3.243205113170949971e+01
1.276523222620166109e+02 3.411556062097190534e+01
1.100386377154895285e+02 2.989119984195549762e+01
1.169811800670514828e+02 3.466668148426640528e+01
1.296676920899952279e+02 3.974619940488454972e+01
1.437893360049782530e+02 3.329036030216585118e+01
1.164004653002234591e+02 3.673798451035899149e+01
1.060453282136165569e+02 3.323745536868658235e+01
1.283235369898579279e+02 3.659108878667316844e+01
1.168191846993458398e+02 3.700919135024368245e+01
1.019516638248273921e+02 3.493818011599629614e+01
1.456577015069358083e+02 3.212366297654934755e+01
1.463435100604101819e+02 3.706013118689214281e+01
7.931426592960929156e+01 3.283563352306271099e+01
9.789842188917906185e+01 3.642199524239445907e+01
1.355574082438735672e+02 3.818883196812981851e+01
9.450467703403268160e+01 3.504978297430731260e+01
1.846710454250332987e+02 3.970009359528638981e+01
1.028154632740149594e+02 3.321955311981812997e+01
1.017628611173544186e+02 3.750547300843215481e+01
1.136553401467037787e+02 3.299863146632191047e+01
1.600626730110707854e+02 3.746489512334497363e+01
1.090565466344807817e+02 3.508864508954984984e+01
1.484070914495266607e+02 3.208986963681437743e+01
1.380538453148690792e+02 3.391244212676765102e+01
9.650369495493814043e+01 3.475768526077320786e+01
1.342464543716068306e+02 3.462241847315805643e+01
9.475879944324849191e+01 3.417140967032029408e+01
1.137967643351100406e+02 2.966395720667281921e+01
1.024876081711925764e+02 3.544721573995133213e+01
1.499696325005528763e+02 3.677165292606606073e+01
1.216276841859024529e+02 4.004970514099520074e+01
1.129539693411097403e+02 3.762019251015183841e+01
1.063332185307196625e+02 3.624174313827758453e+01
1.116514623994704323e+02 3.552994125937492953e+01
1.080135325415500489e+02 3.370215100461640390e+01
1.137163835087077501e+02 3.301334968669221581e+01
9.059655124900525891e+01 3.210718007674122987e+01
1.052260198581011537e+02 3.376592498703978151e+01
9.052641318650201185e+01 3.163071280740041402e+01
1.495025104338176902e+02 4.134562924554819574e+01
1.116325102681308579e+02 3.339491525991566334e+01
1.648793083249422295e+02 3.604800065323860281e+01
9.763914420890388612e+01 3.440247574398241426e+01
1.106238339455346278e+02 3.603421299306658199e+01
1.060352226045733772e+02 3.633289473591626972e+01
1.345536601784697552e+02 3.434396511643175387e+01
1.253976128703231154e+02 3.414862130574396559e+01
1.345445575848988824e+02 3.447919272226300791e+01
1.354376563335289063e+02 3.407739125109468148e+01
