1.148092919695572647e+02 3.506513593371405335e+01
1.143981214381529270e+02 3.244775461654879223e+01
1.303892250575514993e+02 3.476862241869396541e+01
1.214041781650966669e+02 3.518611157531781686e+01
1.467065497199481001e+02 3.384911374661255934e+01
7.219192155596746829e+01 3.280526535556792567e+01
1.253699798108037555e+02 3.154426036774792408e+01
1.345857553528634583e+02 3.657388842542450647e+01
1.773880839073433435e+02 4.094804220182961529e+01
1.222337356004251347e+02 3.763218451286488886e+01
1.230947640302892268e+02 3.768185804595162125e+01
9.487483989124044115e+01 3.831739585293512818e+01
1.281558953667392018e+02 3.500188431968074099e+01
1.165930238662907357e+02 3.343678637664868347e+01
1.220674122801876820e+02 3.605817919855203968e+01
1.510432122240680144e+02 3.601673538621521686e+01
9.110614701156357853e+01 3.536713923474387400e+01
1.152083416950670340e+02 3.377227004964949231e+01
1.384680570123784662e+02 3.953634984571242939e+01
1.240027929370731528e+02 3.155116113949841861e+01
1.107655604033242867e+02 3.845971489225896534e+01
1.331771162841788509e+02 3.731751785613310801e+01
1.394056865639242062e+02 4.110915695798234992e+01
1.324808967605860062e+02 4.290248399507182597e+01
1.133508185727391862e+02 3.301886111997173145e+01
1.080910124788595823e+02 3.200768653519735807e+01
1.360668664423975258e+02 3.606348072858789067e+01
1.164945258158576848e+02 3.585866909253402923e+01
1.228353699306397715e+02 3.423420867351356378e+01
1.505468235756201523e+02 3.502548438879871640e+01
1.079166631799499783e+02 3.063413588799813070e+01
1.189515297644713030e+02 3.447892635173567299e+01
1.036182544755750001e+02 3.407940222562149302e+01
1.153974861923961726e+02 3.795687237552077420e+01
1.320697073231879699e+02 3.544497208789510978e+01
1.094852440214486364e+02 3.447034443878023069e+01
1.057142340918689030e+02 3.706010691419462688e+01
1.007459869441255051e+02 3.647696608523437334e+01
1.362545172614701983e+02 3.742413318793179400e+01
1.231585197749832190e+02 3.452996141724396040e+01
1.517924465409280401e+02 4.045183836739151673e+01
1.276538131017717745e+02 3.866695688442990786e+01
1.249608548670144330e+02 3.445120636715814300e+01
1.263704755357161815e+02 3.558409079475117665e+01
1.304510743957989973e+02 3.741744912284263336e+01
1.489711965374778515e+02 3.494195350160991609e+01
1.042747754552000856e+02 3.602287816723978153e+01
1.227342247020771282e+02 3.593353050119562653e+01
1.470783090187307209e+02 3.812782037064405216e+01
1.392284647221863736e+02 3.402417916353999772e+01
1.218816206177511674e+02 3.889737721480627641e+01
1.065914238601608162e+02 3.309661353260727878e+01
1.226454803496607155e+02 3.513321440400486750e+01
1.211420649006530113e+02 3.740553992045430931e+01
9.243479552645504782e+01 3.615929817366630772e+01
1.201328367732991893e+02 3.303416581552766473e+01
1.645760608320786957e+02 4.303471032492473825e+01
1.191344123852827295e+02 3.819285159124549978e+01
1.210824703507168181e+02 3.205544729357514910e+01
9.311324429960178861e+01 3.254271261958011507e+01
9.718398802090329980e+01 3.379401505315142629e+01
1.140549908625421835e+02 3.352709623670826744e+01
1.128160716744503986e+02 3.446002097549337861e+01
1.013918698514841736e+02 3.497572521412146784e+01
1.168772492419387419e+02 3.373399407897744595e+01
1.132754127298190241e+02 3.545760312401279890e+01
1.233717423317723672e+02 3.653514711016130434e+01
1.157534229478135188e+02 3.717886290153687412e+01
1.153682525249513304e+02 3.625893376179335093e+01
1.065784473020873691e+02 3.566081173957503836e+01
1.199392210217666133e+02 3.402605204127341665e+01
1.515192501709689168e+02 3.489164341522206314e+01
1.259204060488685286e+02 3.480601466659422272e+01
1.252821168913696823e+02 3.472167339033157418e+01
1.420340676962238717e+02 4.143241015533565985e+01
1.280882153040991511e+02 3.686081182902770337e+01
1.231671945668426105e+02 3.546413357412426137e+01
1.234753376621948604e+02 3.567317583829105843e+01
1.121538661665097152e+02 3.533210746359574017e+01
9.819916660759436411e+01 3.468113886398154477e+01
1.045047280494297723e+02 3.273867720041828733e+01
1.043855697516313228e+02 3.316320352541734451e+01
1.148393581365371574e+02 4.230483525546374324e+01
9.752587502150051080e+01 3.337038427730867340e+01
1.062777042461165706e+02 3.272086720308317354e+01
1.083064674789994086e+02 3.865256166149328010e+01
1.253266141226469585e+02 3.455343065176702311e+01
1.463919240714334080e+02 4.207022121083560506e+01
1.232964424726554142e+02 3.966139515973346619e+01
7.268541487014368840e+01 3.540301652856158654e+01
6.485875254080467300e+01 3.391481267186085802e+01
1.309454672261044834e+02 3.260917331089290627e+01
1.157060226138622312e+02 3.649912605410465716e+01
1.415413375166669994e+02 3.488866335882450898e+01
1.244185981084632289e+02 3.315182550628095726e+01
1.284598023001856006e+02 3.559103469986653323e+01
1.247353674521551881e+02 3.403547872122115336e+01
1.196889326980472958e+02 3.664799337037149485e+01
8.485181709220741197e+01 3.274502484633055843e+01
7.303232633986003464e+01 3.352098943827159871e+01
