9.796728985263091261e+01 3.382229346350083432e+01
1.345105853571608350e+02 3.309236884317930105e+01
8.657995879049501298e+01 3.578073812534297815e+01
1.274828018927415343e+02 3.625301304428860050e+01
1.469632435302300451e+02 3.022405244326708029e+01
1.039605708605137551e+02 3.140951178969247337e+01
1.501367151730400451e+02 3.871448130308053948e+01
1.154384820351670982e+02 3.460885973034371688e+01
1.304550294721539672e+02 3.618010200045210922e+01
1.468332254666945573e+02 3.541396153742308428e+01
1.210310660378527388e+02 3.293254532813610780e+01
1.135075592761084948e+02 3.588481122630589226e+01
1.104746632411883382e+02 3.534915840619438399e+01
9.393815423260244302e+01 3.640356300349397856e+01
9.719417920251967757e+01 3.730569903112689190e+01
8.597320334314538570e+01 3.049482018679768558e+01
1.033916919581355529e+02 3.510007378857570615e+01
1.068478620336546783e+02 3.676713255467029029e+01
1.167631779267273799e+02 3.566843580851390527e+01
1.211592604072766335e+02 4.058619922168797700e+01
1.313323108971437421e+02 3.342427358767434953e+01
8.325952257724375727e+01 3.302593645945514567e+01
1.216879793769192588e+02 3.779907208644336691e+01
1.462553754309594183e+02 3.766675673328513341e+01
1.165476918434520712e+02 3.546934564208153517e+01
1.219069259159760321e+02 4.056790483050061624e+01
1.086900069990623479e+02 3.690643336148642817e+01
9.243910491051937584e+01 2.976108950602575476e+01
9.344973167615245302e+01 3.297382929796940942e+01
1.414868364439219590e+02 3.415281028941409858e+01
9.898801547714252536e+01 3.652023080532357113e+01
9.612143603560612348e+01 3.102745030706738305e+01
1.537591788911922777e+02 3.824659017920372861e+01
1.230791528144074363e+02 3.490836785937774067e+01
1.233990508028497288e+02 3.517948624619930342e+01
8.134532807285570755e+01 3.394731518256497083e+01
1.507313357897214701e+02 4.374765554686106128e+01
1.231996252574523254e+02 3.279911957259161426e+01
6.687767646687986201e+01 3.295699505619280956e+01
1.351307197315977362e+02 3.769921049971658533e+01
1.296600767010732227e+02 3.115996089047469297e+01
1.026238491527555112e+02 3.417272369095373108e+01
1.081469075018396069e+02 3.473698878708824367e+01
1.229499773121754345e+02 3.670024561375000616e+01
1.291402348917333427e+02 3.490577631228070743e+01
9.170099454180801501e+01 3.825595189471420809e+01
1.288490646065137355e+02 3.225546561859006545e+01
9.826366733710216295e+01 3.451987090225823351e+01
1.591847883338926408e+02 3.800054990393871890e+01
1.285147229777446398e+02 3.423213932492577527e+01
1.147408312490134676e+02 3.586221506090209488e+01
1.317618653805859879e+02 3.310670683707770934e+01
9.643955091090700193e+01 3.623703174440434793e+01
1.150039445786386665e+02 3.502107576859314264e+01
9.442327553782804728e+01 3.299569642295342220e+01
1.116628631149564370e+02 3.585457352094154260e+01
1.371563027239626820e+02 3.223743123080279105e+01
1.345891540618046065e+02 4.045095800231082706e+01
1.122841447361189182e+02 3.562926961606492426e+01
1.069155362413363974e+02 3.304884998940075036e+01
1.218467794841677403e+02 3.898368982795908977e+01
1.311036786009533444e+02 3.266853943043299324e+01
1.294533793153441081e+02 3.852125134037140697e+01
1.050421510404351153e+02 2.969293864575598363e+01
1.217603484972600114e+02 3.612015063392449576e+01
9.880041093596702240e+01 3.363813126413963062e+01
1.071020962548948887e+02 3.233665761423539209e+01
9.633410701670169374e+01 3.317152716404462609e+01
9.917947165117770680e+01 3.679529913027222676e+01
8.345714594606920400e+01 3.692488174841080451e+01
1.248194397723691083e+02 3.592388050482369977e+01
1.031372701321291743e+02 3.416898504881506682e+01
9.450488027366394306e+01 3.172676221705646782e+01
9.077182745570074474e+01 3.882325416461765855e+01
9.145007841857351139e+01 3.386049111309610282e+01
1.428420944201517955e+02 3.858523149724848622e+01
1.516921068016131358e+02 3.756494849058475438e+01
1.086880680692203356e+02 3.402610233644627868e+01
1.159267336034669142e+02 3.441940861674816432e+01
1.152472084405193300e+02 3.457368163393604732e+01
1.460139296958808188e+02 3.679563447534516030e+01
1.153725814988869871e+02 3.829597726156596593e+01
1.141939525495760108e+02 3.252029427798102290e+01
1.128031460183609767e+02 3.272833890298911541e+01
1.315539700581917657e+02 3.133470280693444820e+01
1.190070259575868903e+02 3.671173597408791522e+01
1.079571958681857637e+02 3.164634647626739650e+01
8.238192564357940739e+01 3.185058300979661539e+01
1.100435495392426901e+02 3.864976211258697703e+01
1.362028941666517312e+02 3.676632489271419502e+01
1.104330693543942630e+02 3.289861241075062992e+01
1.339768839061743506e+02 3.298315771279823849e+01
1.178145386213578547e+02 3.353114844717842402e+01
1.354023666963131234e+02 3.731413783555574071e+01
1.111835195596175510e+02 3.454762735694613696e+01
1.095224197066420402e+02 3.755567980307814224e+01
1.405108858231845375e+02 3.436229549751741530e+01
9.420920970542006501e+01 3.954644891418645614e+01
1.046349556719718663e+02 3.463734994141627510e+01
8.034788690525724064e+01 3.643967174805123932e+01
