9.175592069191466749e+01 3.707819350577040751e+01
1.136870562211613702e+02 3.400316734009880548e+01
1.347283645599333965e+02 3.919910318889750300e+01
1.114986557906885452e+02 3.855405319739927705e+01
1.056402013514331770e+02 3.574760533539821949e+01
1.230788724560993757e+02 3.407088539297648566e+01
9.712506033143026229e+01 3.222214555096112321e+01
1.326401400669359703e+02 3.235729882567579807e+01
1.526678750700306750e+02 3.801865117322262932e+01
1.425603901743397159e+02 3.739235351884948955e+01
1.211643751961416058e+02 3.535469706275313939e+01
1.033408822573526749e+02 3.556913250992653985e+01
1.366846349864031538e+02 3.523773779581302534e+01
1.412337890173847370e+02 4.041656091314902000e+01
1.373478534127445698e+02 3.859576696334260504e+01
1.587274865773508736e+02 3.509231664269982076e+01
1.079487851676341847e+02 3.416223040259831834e+01
1.268913379562981021e+02 3.342018261989842642e+01
1.249011825239354465e+02 3.653040735514324666e+01
8.994066400208573953e+01 3.419141843488217347e+01
1.501679294567336740e+02 3.556541043616590514e+01
1.219167764401479559e+02 3.565073998684005829e+01
7.865411751218421443e+01 3.212126400033650953e+01
1.210759088960222840e+02 3.879850682153684005e+01
1.511614179290147035e+02 3.496623366573322045e+01
1.247892674069485821e+02 3.886056075230342799e+01
1.484535432099377488e+02 3.901692488612366105e+01
1.004040726104805259e+02 3.671906806534484247e+01
1.168774847235227696e+02 3.300677398956277386e+01
1.349105115816823570e+02 3.789593533514386792e+01
1.172293932894454827e+02 3.810188829323051607e+01
6.681720361725749058e+01 3.328958873999044243e+01
1.471984109424065821e+02 4.040107355107182485e+01
9.420826136836923581e+01 3.626353377627344088e+01
1.096622103395349370e+02 3.220065721671566195e+01
1.288715604186658652e+02 3.102813107087688138e+01
1.259515853487373960e+02 3.314382614711398389e+01
1.390209974921097853e+02 3.462227680525689522e+01
1.483818834690596304e+02 3.612976004094493021e+01
1.405076484571019648e+02 3.711147623705494425e+01
1.074943328427707741e+02 3.456134090225437205e+01
1.083260442623429753e+02 3.423386954380094238e+01
1.253631559336851353e+02 3.692886868628338704e+01
1.417850883358988199e+02 3.410090910417532939e+01
1.078278983207707569e+02 3.055915451715597442e+01
1.220028559925687546e+02 3.513211355583116102e+01
7.308971728766626086e+01 3.060634883433713327e+01
1.251390771865627300e+02 3.623025523723748620e+01
9.941072656127600737e+01 3.160469343030798939e+01
1.280512272116116321e+02 3.762267847594100800e+01
1.457846057689191639e+02 3.640674130315726842e+01
9.854937564989326404e+01 3.671563247834297528e+01
1.293722335640886740e+02 3.683665777796549179e+01
1.459256135103163103e+02 3.307975568356177831e+01
1.349659674131818008e+02 3.556304477508462014e+01
1.093471135585822793e+02 3.851523351799419714e+01
1.360972853212192604e+02 3.290360816901224439e+01
1.338790455054216295e+02 3.525046097829785907e+01
1.371251589696108226e+02 3.907963819439318343e+01
1.264559974223525245e+02 3.240016793646982762e+01
1.103196957468638857e+02 3.354195285995695031e+01
1.546637060777922272e+02 3.612645916614468433e+01
9.481458270371263097e+01 3.263885720960169579e+01
1.580137035516842161e+02 3.834480717530411908e+01
1.343630292734985119e+02 3.607870593693515104e+01
1.081764623218515879e+02 3.753913444427611523e+01
1.397440229372771512e+02 3.484742218667059177e+01
1.386518819370336359e+02 3.904208699362501278e+01
1.472583541601169941e+02 3.889757613778444068e+01
9.401787387537520146e+01 3.465116525139798398e+01
1.107052452664408833e+02 3.435611860725184386e+01
1.498162183754357386e+02 3.714538733844151608e+01
1.393786379976918113e+02 3.216052122419066706e+01
1.068472265169693571e+02 3.082698860966773680e+01
1.278169894135374136e+02 3.480656958870871165e+01
9.048422749658524822e+01 3.703035363461389551e+01
1.224930606079299480e+02 3.419156952553512951e+01
1.257832235410581774e+02 3.379777029363140883e+01
1.068984285024178149e+02 3.414454690997548880e+01
7.231595343911416762e+01 3.264052838222805519e+01
1.272948452532716033e+02 3.701783694825607540e+01
1.140926316775903615e+02 3.089217879138627154e+01
1.496068652599907409e+02 3.095166109137553079e+01
1.650144591882989857e+02 3.699438863040738568e+01
1.795544298005713983e+02 4.031338380934091248e+01
1.485331036282103412e+02 3.386972751735495990e+01
1.349983205945055715e+02 3.201953454659455645e+01
1.395151502604092855e+02 3.661250053949404304e+01
1.396593409715064240e+02 3.405186839605346449e+01
1.242018099186921773e+02 3.589265338950912820e+01
9.524247548133803321e+01 2.960673923046186928e+01
1.309155567195280412e+02 3.091638310436563231e+01
1.358655395185190002e+02 3.788403075933729980e+01
9.375394595740978332e+01 3.736943795718757144e+01
1.279866357147595153e+02 3.576629012052895007e+01
1.444327209562419796e+02 3.697473925556144536e+01
1.248886023123853306e+02 3.442469306000829476e+01
9.558824685040370639e+01 3.257379286927410789e+01
1.286478781585316256e+02 3.391098832407276831e+01
1.602175433421180628e+02 3.893622924166738386e+01
