1.043840804950978765e+02 3.100774346547891724e+01
1.362081215233377520e+02 3.642922956521175593e+01
8.143847895980356100e+01 3.538397821112547348e+01
1.145677128763860537e+02 3.580596128840630143e+01
1.299986134163123097e+02 4.054637556848700797e+01
1.192459388433549350e+02 3.775050402376398750e+01
9.568274598410560827e+01 3.222148399222614046e+01
1.232557155136674680e+02 3.685137119063335831e+01
1.647513675260206583e+02 3.912615443075183919e+01
7.771334910706217158e+01 3.653423639886210594e+01
9.241210976080333239e+01 2.899482718829987249e+01
1.158400478404461182e+02 3.729362348462711907e+01
1.653504506296622480e+02 3.591377262290883721e+01
1.342690794976921893e+02 3.667931494993341346e+01
1.054587970836370090e+02 3.649257145390502899e+01
1.268668147071206960e+02 3.391800259649345151e+01
1.388928929859555694e+02 3.116931787372555007e+01
1.339218454388397390e+02 3.872611538472824577e+01
1.407009242522838122e+02 3.900771939299328750e+01
1.079033945575941829e+02 3.580032760878207654e+01
1.108200130577703675e+02 3.583416954825800360e+01
1.102385951375924265e+02 3.602839131251655402e+01
1.251734669144246936e+02 3.654874748333826062e+01
1.420394159599084674e+02 3.466841597677929343e+01
1.524859533187050715e+02 3.519012997112077556e+01
1.589156314681811466e+02 3.667736414943780687e+01
7.701159768986558163e+01 3.276936506321355580e+01
1.030071533429252639e+02 3.471408817108063971e+01
1.352157263408116989e+02 3.235654582755493891e+01
9.887941664297484579e+01 3.657561604207430150e+01
8.796031251357813119e+01 4.021919497965804879e+01
1.435254808033624840e+02 3.581262453463514817e+01
1.346097921044832901e+02 4.062793084239736885e+01
1.074808123570433054e+02 3.429437890290629554e+01
1.392898311091898336e+02 3.356809934179134558e+01
1.104019577190001797e+02 3.463010555220597553e+01
1.071253677300151139e+02 3.419539584580922309e+01
1.510923248900963074e+02 3.847736355381955065e+01
1.250280203989317585e+02 3.735550864161874784e+01
1.309844933507594646e+02 3.626789721014892365e+01
1.355420489909957666e+02 3.144180336286128608e+01
1.284342990444955319e+02 3.744802160086616283e+01
1.340464556989315099e+02 3.286418599729565670e+01
1.346849665981244470e+02 3.858559275373627173e+01
9.306386563594294614e+01 3.552881318354594953e+01
1.036114240166241132e+02 3.195825176713040250e+01
1.024225700547494711e+02 3.522618492129304713e+01
1.178617849020256187e+02 3.780537932011754521e+01
1.269913538615783608e+02 3.783731391697974544e+01
9.733860812054604139e+01 3.462428032288756441e+01
1.157607910384136432e+02 3.950757531881207996e+01
1.373271928862601783e+02 3.347622290738124917e+01
1.222817369327194825e+02 3.425519726323525305e+01
1.086830874864328820e+02 3.244941818058150318e+01
1.248586693977294715e+02 3.311576835844600453e+01
1.213513361332033327e+02 3.600798184861940854e+01
1.289639301217212903e+02 3.711082711298000447e+01
1.080143282481070202e+02 3.650338457283786653e+01
1.504029783682708512e+02 3.591294364443032805e+01
9.766758905174829408e+01 3.510530600032016935e+01
7.016429954160901161e+01 3.272765105680358033e+01
1.158444017527484817e+02 4.060118792016211842e+01
1.131186452514602792e+02 3.274967824992181420e+01
1.094970867951456057e+02 4.102583746942472231e+01
1.365513759945013419e+02 3.526962763179575688e+01
1.048801107435221383e+02 3.586484838406333608e+01
1.496043607751514060e+02 3.221792054994480736e+01
1.203238154533154756e+02 3.293725665625212429e+01
9.425984925634044487e+01 3.009768416932065094e+01
1.221569262567423522e+02 3.236767549373049491e+01
1.199010249663073040e+02 3.199460894051754067e+01
1.280356413817366672e+02 3.650835693929273873e+01
1.470118466367686096e+02 3.931709780018772449e+01
8.988139599333879914e+01 3.021413185610509444e+01
1.202625139845904840e+02 3.731596813026617809e+01
8.511562840818614006e+01 3.607337610158279517e+01
1.383937141942925848e+02 3.684746327409600042e+01
7.763732393309567215e+01 3.524118992054535937e+01
1.026272021275515129e+02 3.320155072109731975e+01
1.323135225632347272e+02 3.977053455059932219e+01
1.196481985688186711e+02 3.687653164173880072e+01
1.520156790720870674e+02 3.953424353400298941e+01
1.540448070068300410e+02 3.715953785319565128e+01
1.149920596985431871e+02 3.508997019001488837e+01
1.433529080391469392e+02 3.634920410580216554e+01
1.219434209327036456e+02 3.571382562537440464e+01
1.395773702396334954e+02 3.727358543266397106e+01
1.280501840815194612e+02 3.834114022701364632e+01
1.025088716464723291e+02 3.620837392007294397e+01
1.352222430158543318e+02 3.340923588055609628e+01
1.255467246336402383e+02 3.568303751765238019e+01
1.326800175371009800e+02 3.434888881921176562e+01
9.482089271164224442e+01 3.098983096639046408e+01
1.204050303262092001e+02 3.613321453644902448e+01
1.133949210555227012e+02 3.592975987177756281e+01
6.061371711713643862e+01 3.356862264694887443e+01
1.132281882908510227e+02 3.545144366503323141e+01
1.265148439666718190e+02 3.608210766887000887e+01
1.387721457768917332e+02 3.674706560051485837e+01
1.633540791164568589e+02 3.593867582433535546e+01
