1.474429941366830406e+02 3.384644107296936255e+01
1.388452085614319458e+02 3.931998824174318941e+01
1.546488600769606023e+02 4.289917680138616163e+01
8.425229747403699321e+01 3.815855468862504551e+01
9.821853628924037594e+01 4.098166367401283594e+01
1.198125897303258967e+02 3.467093110961262425e+01
1.230443479130798039e+02 3.679493892501911034e+01
1.313282438367343730e+02 3.540160520184933546e+01
1.377210580597311491e+02 3.412514681111284887e+01
1.550111917335759983e+02 3.927507802673282100e+01
1.200570748032862980e+02 3.609312197429384383e+01
1.078532135512669612e+02 3.690210383151073614e+01
1.259382740340153930e+02 3.490021620345336828e+01
1.169242750922529552e+02 4.001988204389760284e+01
1.801501627804071575e+02 3.719878717228434084e+01
1.331044430303423098e+02 3.693752402947081492e+01
9.344944446159225038e+01 3.568221402756271488e+01
1.059112517803266371e+02 3.886486349728367173e+01
1.339954747779614479e+02 3.999318472438282868e+01
1.557539309970456713e+02 3.762377563612835019e+01
1.120137357677291590e+02 3.448632640444915864e+01
1.391075709914210279e+02 3.507434208095959605e+01
9.344882188361579267e+01 3.299456672428723181e+01
1.168317025685290815e+02 3.652111330292889591e+01
1.189745326170087623e+02 3.552275707343632405e+01
1.273140297661341549e+02 3.671463588666528466e+01
1.353680100405422877e+02 3.710491779132476609e+01
1.175969124018520802e+02 3.074746497564544967e+01
1.148056604067862736e+02 3.568925963145297686e+01
1.130904769407255088e+02 3.251835130574568922e+01
1.062537515515626865e+02 3.583708516321954818e+01
9.988134005096603119e+01 3.798388865502701606e+01
1.315207623917645208e+02 3.639604029904834448e+01
1.738874509168551867e+02 3.527090631636666274e+01
9.871445192226420318e+01 3.579080393366098178e+01
1.246477742601946233e+02 3.568682221582203340e+01
8.612391482739751325e+01 3.478470516877293051e+01
1.216023602286555985e+02 3.904616118230314470e+01
1.330571992568494863e+02 3.459130047852755041e+01
1.256171374081622076e+02 3.692869670458009068e+01
1.741174015583186190e+02 3.465171314922368140e+01
1.051975725735567266e+02 3.128428156305225016e+01
1.045386631345293722e+02 3.472657629697376791e+01
1.203891701683351272e+02 3.270329675481598741e+01
7.158947122498514659e+01 3.577474862682675649e+01
1.090491799073512169e+02 3.742247313893296479e+01
1.388373420283238602e+02 3.634613003183525848e+01
1.570027011059802931e+02 3.691684057428949473e+01
1.230523684307233481e+02 3.461298236750251078e+01
1.191785012456159762e+02 3.716815471221651279e+01
9.354545341940963965e+01 3.426141456850717759e+01
1.139398071206918956e+02 3.872310986141635425e+01
1.052256125601727774e+02 3.252883817819323298e+01
1.097628856793087948e+02 3.942016570706432077e+01
1.389454717089492704e+02 3.830751699004402155e+01
1.131864020786964034e+02 3.504781989210401605e+01
1.095161750003178156e+02 3.201268749396030699e+01
1.241339612587851207e+02 3.609258480493705434e+01
1.955441923487971678e+02 4.148884983882916089e+01
1.041502736875356163e+02 3.577255092885186372e+01
1.236436796641783076e+02 3.531383089406860876e+01
1.511324135316792194e+02 3.848366203852209111e+01
1.230385759558347587e+02 3.452534366905642571e+01
1.224671737250651660e+02 3.134426726947525665e+01
1.526827287357303078e+02 3.877144772887363189e+01
1.346797205520397540e+02 3.302394138596437756e+01
1.591908940981396370e+02 3.868724388083414567e+01
1.284238282377249902e+02 3.175725320879941194e+01
1.409194507169556232e+02 3.230958229848580032e+01
1.312195813521597358e+02 3.398702579609823715e+01
7.878877656784187877e+01 3.584000828409417494e+01
1.178742689932416141e+02 3.208733234552126135e+01
1.242522241251933366e+02 3.563269034135662849e+01
1.109135388316626916e+02 3.137521174019712689e+01
1.390004481309266851e+02 4.125933486640720105e+01
1.410184229322529177e+02 3.949406458304828504e+01
1.265179729156565855e+02 3.795147480191040756e+01
1.378105321931278695e+02 3.965150582708327676e+01
1.222946955441633889e+02 3.954597126202725121e+01
1.199377201894913867e+02 4.082430935816831408e+01
1.215501246992681388e+02 3.282920763706206913e+01
1.171966635180720431e+02 3.340225316535200051e+01
1.326964417913377758e+02 3.495457724622243489e+01
1.272990577398430077e+02 3.796757619342740497e+01
1.053474352486926193e+02 3.440658788401970014e+01
1.140114344088776903e+02 3.674620938445455920e+01
1.251585954023815503e+02 3.703317775745249207e+01
9.460221096837966570e+01 3.111863126912404098e+01
1.124045814083380179e+02 3.397708616017079919e+01
1.100755286779996709e+02 3.119394862140498148e+01
9.305240963000710508e+01 3.234346598115631366e+01
9.774483223015009514e+01 3.126085500502182413e+01
1.319745337399943708e+02 3.121982274028468751e+01
1.286549294434470028e+02 3.858217409732935010e+01
1.078476611825293645e+02 3.307317182466877625e+01
1.142353602195015014e+02 3.719094937064441098e+01
1.225511428761551116e+02 3.991127232237086986e+01
1.302691603435678189e+02 3.529568168445072729e+01
1.306270603282818854e+02 3.450018926315139112e+01
1.065733438406669080e+02 3.600618803403792612e+01
