1.407134748544232536e+02 3.542530057008674760e+01
1.118136042768015130e+02 4.061777958002780764e+01
1.535814257357064037e+02 4.165034833469795927e+01
1.231680494944906599e+02 4.007452981342857612e+01
1.395062254189518853e+02 3.891221413020488740e+01
1.007325890843339522e+02 3.953570642514717548e+01
1.504858113422464783e+02 3.938010389601544858e+01
1.062995817272933010e+02 3.336494446741016873e+01
1.184974969243056080e+02 3.692696631567210375e+01
1.289829739448666430e+02 3.514539083446757672e+01
6.333158982400404113e+01 3.379142155279135551e+01
1.293862863461006327e+02 3.586736633806064845e+01
1.355214852528897609e+02 3.939188069564165318e+01
9.425899930414631456e+01 3.577605691586450831e+01
1.161295436001145305e+02 3.996964881940989045e+01
1.442954434747608161e+02 3.973369606898189943e+01
1.124503041124174132e+02 3.500081461829431362e+01
1.303875190004451099e+02 3.806607457499227110e+01
9.445852923760089936e+01 3.639190676090630205e+01
1.567771580839622345e+02 3.819224805347614193e+01
1.066473455620976694e+02 3.828812254747467136e+01
1.583131932253473906e+02 3.228939924208072654e+01
1.431631776639001714e+02 3.472123164608342449e+01
1.336872706974427558e+02 3.492797348562118742e+01
9.553713378459679006e+01 3.358344003020117441e+01
8.482364377406014455e+01 3.859683274444675760e+01
8.014344361243259129e+01 3.178268619992740440e+01
1.435493490274414228e+02 3.960016450695158596e+01
9.472514668862926612e+01 3.147346852593532773e+01
1.240348639011197065e+02 3.747233924935643046e+01
1.036781983435896848e+02 3.828450775509663373e+01
1.076232377500130610e+02 3.587102662766624661e+01
1.058251042210166872e+02 3.448154442119268737e+01
1.103256291784376373e+02 3.647345385202599743e+01
1.334172019270084206e+02 3.508981065490998219e+01
1.164476023705207268e+02 3.704688453652962465e+01
9.720041253850531859e+01 3.693494663058385186e+01
1.520395017530953794e+02 3.433834174702511177e+01
1.341632665016736041e+02 3.746352337865592830e+01
1.049639359797025833e+02 3.911310871088834062e+01
1.262406503936816478e+02 3.863374109684617963e+01
1.377375193236980238e+02 3.582112181819834262e+01
1.275989747931027125e+02 3.986275257643283254e+01
1.088962685436731732e+02 3.395330754116518790e+01
1.192294646287660385e+02 3.434052911073942482e+01
9.395238927927977102e+01 3.428387476397006850e+01
1.164866904286736826e+02 3.419272418840679251e+01
1.626736048923178544e+02 3.759386022782646819e+01
1.399809785940076381e+02 3.518877446196669467e+01
1.203257685661738492e+02 3.343996141917463660e+01
1.101623108175619734e+02 3.433772557293225702e+01
1.271853421230122478e+02 3.587676905698320695e+01
1.104995995317521675e+02 3.141945758317642046e+01
1.172818273938544280e+02 3.639923911395528222e+01
1.304248022078566009e+02 4.062191715722136820e+01
1.448761559867149913e+02 3.490905704098141626e+01
1.169980442726894267e+02 3.795796418939499262e+01
1.061131773534911247e+02 3.498896509602797522e+01
1.280631251030028750e+02 3.789305621378841238e+01
1.170855671134389411e+02 3.841564072168847588e+01
1.019963583603264823e+02 3.578315461850511525e+01
1.452936819829591570e+02 3.343895368420769643e+01
1.459352235812847312e+02 3.865558772601517745e+01
8.036999995607546055e+01 3.330867318609438144e+01
9.793855580273149997e+01 3.695088997741291337e+01
1.355123862804109365e+02 3.980414607898050861e+01
9.442457521402990039e+01 3.670940288332330681e+01
1.840987619064598846e+02 4.130762859965202694e+01
1.026431957847197083e+02 3.448399643487982758e+01
1.015177764768419735e+02 3.836072340086835908e+01
1.130599079456673053e+02 3.384921423473753777e+01
1.601599118978239460e+02 3.930469749675192759e+01
1.095575862585937301e+02 3.660396962161756562e+01
1.480658915521219683e+02 3.466145069147887625e+01
1.387433361916079946e+02 3.514500210013909509e+01
9.602753091377725525e+01 3.600504769132867722e+01
1.344972424881286486e+02 3.673184952036528728e+01
9.450415298888070481e+01 3.561157477269022564e+01
1.140436122751086003e+02 3.123292146323371554e+01
1.026504058676824940e+02 3.663020445019093785e+01
1.501904474642985861e+02 3.927345450327185716e+01
1.211966576207030073e+02 4.192746444938504879e+01
1.136204689499018912e+02 3.878170308185801929e+01
1.062634707181775724e+02 3.757066029828464337e+01
1.114860686828425145e+02 3.696407755035885856e+01
1.079979274290934370e+02 3.473931465423126497e+01
1.140032318991455895e+02 3.501596185582457821e+01
9.033337674674412199e+01 3.359910082146436139e+01
1.053002186307990229e+02 3.534592551491836332e+01
9.045753982643573465e+01 3.279105063989259605e+01
1.495285986189934704e+02 4.333969072711230552e+01
1.109405715901541924e+02 3.400461331451101898e+01
1.649089426654123258e+02 3.834939975252746791e+01
9.715214645128153848e+01 3.622917565519234273e+01
1.104143803428544430e+02 3.739837184444680673e+01
1.060898421027610965e+02 3.757658695747358735e+01
1.333874686836733474e+02 3.558680988985656057e+01
1.251423573766758182e+02 3.600539619605157782e+01
1.346624751631517540e+02 3.632151929495382348e+01
1.354148344651869422e+02 3.623046700244709939e+01
