9.742959244360665139e+01 3.464519813897948808e+01
1.332703781537061900e+02 3.488822900333040167e+01
8.613562045829445424e+01 3.733084428836210833e+01
1.259224816950762715e+02 3.787211187301419812e+01
1.455094702822697741e+02 3.221923224059312219e+01
1.040295796159792587e+02 3.232427990689742359e+01
1.480950566332267044e+02 4.017739571171481572e+01
1.117237414316985706e+02 3.640797938089141184e+01
1.302068245917233753e+02 3.789197579596819310e+01
1.436046694825937209e+02 3.713700334584187601e+01
1.205273124752369256e+02 3.418200180892787188e+01
1.142230990340409988e+02 3.746627280555632922e+01
1.097875417139769496e+02 3.657742187591905747e+01
9.270799359398584727e+01 3.733764483998263728e+01
9.793142359200608382e+01 3.942984645193401860e+01
8.639981357071967238e+01 3.211803955861409321e+01
1.029748776223609639e+02 3.665651702733077144e+01
1.071068052036076494e+02 3.803271665316156458e+01
1.114528846875645911e+02 3.693068862443971057e+01
1.205758343198746871e+02 4.225189920770014140e+01
1.288058114052016663e+02 3.527943179069891499e+01
8.254415493281688043e+01 3.420895704955736960e+01
1.210394461394982670e+02 3.880406711721745694e+01
1.466968940113910946e+02 3.940428422788207286e+01
1.169828087072069280e+02 3.644983803331977157e+01
1.219330451288289225e+02 4.153738280684882511e+01
1.071026426286201882e+02 3.829329044501211143e+01
9.107381795396737800e+01 3.157788824927684601e+01
9.326456036497503987e+01 3.425166984087451283e+01
1.406663828387750641e+02 3.578058325747147705e+01
9.680472993666597858e+01 3.752195868718032301e+01
9.549317434889120193e+01 3.240142547021017805e+01
1.555189424045791498e+02 3.970093667071954258e+01
1.223500330845374435e+02 3.633457952504495125e+01
1.215586162255302298e+02 3.588852926059639259e+01
8.066918544135292279e+01 3.457489626350309209e+01
1.501761553710586838e+02 4.513177586130208141e+01
1.224315097784778317e+02 3.433207376973824410e+01
6.656293591869547299e+01 3.467713612202750539e+01
1.334408951014636955e+02 3.837235962684854229e+01
1.283819931466454136e+02 3.277707629840947590e+01
9.971107623622570770e+01 3.464893425436923735e+01
1.077764645093094060e+02 3.597721501611815853e+01
1.243897404472069326e+02 3.812673790643379590e+01
1.271764215850533475e+02 3.716765196826064255e+01
9.056205728020256629e+01 3.884499408561825362e+01
1.270562697497500579e+02 3.372817367974291614e+01
1.001934037500524823e+02 3.599121627548188940e+01
1.591076625666220252e+02 3.950443071399648431e+01
1.286013597561282893e+02 3.615613966803109491e+01
1.157953458984022319e+02 3.656085106984791366e+01
1.312284657899451474e+02 3.462604215865037105e+01
9.663791591756661603e+01 3.717948811149339861e+01
1.137741721200663108e+02 3.622067584880866775e+01
9.406588823066765315e+01 3.402828275535277669e+01
1.105783149557035898e+02 3.680603684241293649e+01
1.368128220942905386e+02 3.461978026118555363e+01
1.329633873790120902e+02 4.159169972654107994e+01
1.116458715313625021e+02 3.671422822508517925e+01
1.041676379445123359e+02 3.404211694809439592e+01
1.207762079058351503e+02 4.094029421113265244e+01
1.315508534744774352e+02 3.371561433043261502e+01
1.295926382151977521e+02 4.068440731012722722e+01
1.040998048080274287e+02 3.117249577103700275e+01
1.206948239947261925e+02 3.787876720849487100e+01
9.828392889501127172e+01 3.507992290178540173e+01
1.062128670596025586e+02 3.342477576922187410e+01
9.639307553342757728e+01 3.489148707195277410e+01
9.963609285719941511e+01 3.817784124829034198e+01
8.272234414220946519e+01 3.824385456484530010e+01
1.249413569732378733e+02 3.748687647447709281e+01
1.026210665538753943e+02 3.602595255345718783e+01
9.369095964258131914e+01 3.323039849492442954e+01
8.992494422730807457e+01 3.960553660103179396e+01
8.999769647622225932e+01 3.531623854889780034e+01
1.417148441264139365e+02 4.030360658353880154e+01
1.522222593195336344e+02 3.922567888477931319e+01
1.092830052005480326e+02 3.613985362669980361e+01
1.137925618415354023e+02 3.573762710945975130e+01
1.139883788609710535e+02 3.607686089590426803e+01
1.451849659992631416e+02 3.862316389756234258e+01
1.140025884680314476e+02 3.999868188339999620e+01
1.148504996180440543e+02 3.359800757543754202e+01
1.118850744741675669e+02 3.400659990749662853e+01
1.317808069168681868e+02 3.349033091454177935e+01
1.159146639768753886e+02 3.849995808770507466e+01
1.063644065358938207e+02 3.270512944426203461e+01
8.073138969564189438e+01 3.341908182305487429e+01
1.113925658804488847e+02 3.990337715779760686e+01
1.345839142491755922e+02 3.864899522548164157e+01
1.087129554435209116e+02 3.443225060872043741e+01
1.328084881523626848e+02 3.464033543889681965e+01
1.176319616627158098e+02 3.517517265177757224e+01
1.329772658843845932e+02 3.897299799851781898e+01
1.115939930985949218e+02 3.631714611452429864e+01
1.076400121455054943e+02 3.791432268571972486e+01
1.396125605899437403e+02 3.625374859918634485e+01
9.423670434535652873e+01 4.126073023403682072e+01
1.049512547039665691e+02 3.599812576830173327e+01
7.959664363166247369e+01 3.715915403185159249e+01
