1.028859429214012380e+02 3.480105329425846605e+01
1.062872420430528280e+02 3.701737304364701941e+01
9.107261238132893766e+01 4.000078939365474184e+01
1.182191033089352317e+02 3.518724603981467425e+01
1.524403340883823716e+02 3.810774054397789001e+01
1.649866911938662781e+02 3.929125714911220513e+01
1.164901247256074583e+02 3.835664836779169917e+01
1.001736567292325475e+02 3.390074812973282548e+01
9.354245277514137058e+01 3.622656180127422232e+01
1.042722062133399703e+02 4.205884423921251170e+01
1.170670933784972476e+02 3.535758178314294042e+01
1.182009690607655301e+02 3.818999289756739302e+01
1.246691922369326448e+02 3.413424344577914837e+01
1.008993935422952291e+02 3.535890937873323026e+01
1.372953478514019992e+02 3.887240199532179474e+01
1.279770491026014980e+02 3.955772952464339909e+01
1.442053319404346041e+02 3.315569257588855123e+01
1.124598984219030484e+02 3.465197930985198838e+01
1.128908797041658545e+02 3.858245428927677523e+01
8.893243693001772954e+01 3.630316894095268054e+01
9.738024336260727409e+01 4.035253020900508147e+01
1.091075916877689025e+02 3.303418238961526754e+01
1.004841820875228677e+02 4.217127561115122347e+01
1.430050037080531808e+02 3.930466432223031603e+01
9.923498675706724725e+01 3.751780789366763713e+01
1.567781470793547669e+02 4.261928695355543084e+01
1.311793483400901437e+02 3.592156844604051003e+01
1.164637443634943850e+02 3.822297186329328156e+01
1.266140447335142198e+02 3.576694504648490636e+01
8.772249944266775401e+01 3.486719009432878380e+01
1.517315809230079537e+02 4.007008800366998713e+01
1.261651210717046894e+02 3.576503877003086274e+01
1.111479484444785442e+02 3.727144813539909762e+01
1.330218202354936068e+02 3.964184486192430512e+01
1.333544512538993843e+02 3.636643749179000906e+01
1.363443971500340979e+02 3.630083689573811512e+01
1.208289080367828490e+02 3.676146449279896444e+01
1.283517556284566012e+02 4.117203994797956312e+01
9.566873911013493625e+01 3.571908774129862962e+01
1.305818589693040792e+02 4.008844878385072263e+01
1.163011038342437899e+02 3.569402895990371150e+01
1.278228503438422621e+02 3.920892230537571521e+01
1.672604247440514484e+02 3.993538237563151938e+01
1.160741212576363637e+02 3.691619437282064098e+01
1.236252373814127452e+02 3.666053850510459711e+01
1.322588183737370002e+02 3.820431950892987771e+01
1.300919892944355638e+02 3.828381867397337146e+01
1.364760311972061686e+02 3.921454669474266552e+01
1.166104523289157555e+02 3.776088922055348718e+01
1.163746632558004706e+02 3.939418661881042993e+01
1.318449148216355695e+02 4.043123686199943023e+01
1.237165728154266731e+02 3.748288662298277529e+01
1.062112981076445948e+02 3.896493763811477606e+01
8.231493009254620574e+01 3.473889691289549830e+01
1.036268325826146821e+02 3.456820061071186956e+01
1.241840708950647922e+02 3.703860391474800906e+01
1.074277569410526212e+02 3.403325433164967961e+01
1.557944300868949767e+02 3.993613116800285923e+01
1.549248820764478012e+02 3.570483962899717056e+01
1.403099651589059533e+02 3.500435123551499572e+01
9.907751690835314662e+01 3.249183158369759639e+01
9.506234987236597078e+01 3.027671327942474733e+01
1.111666045501766291e+02 3.359547162219725891e+01
8.691297002282365725e+01 3.482906958701711631e+01
9.930010280157586067e+01 3.500155817863458907e+01
1.186918998297828978e+02 3.686253158825095966e+01
9.700774053458306412e+01 3.756993675305088232e+01
1.281921367955323205e+02 3.605249802608260978e+01
1.619570297184694425e+02 3.756177416653333268e+01
1.395025835152208629e+02 3.869977426240141227e+01
1.253723385163384734e+02 3.987588388201577061e+01
1.217176234768217427e+02 3.669825702701486136e+01
8.974497906257586521e+01 3.357107426515314330e+01
1.105038583393539824e+02 3.886269098782528175e+01
1.551740895360152024e+02 4.293601296586984262e+01
9.822819940799978156e+01 3.672357511651144790e+01
1.261543753540063477e+02 3.855273733696206051e+01
1.053762418017472839e+02 3.636809654146590276e+01
1.328346555271150180e+02 3.423942390193365526e+01
8.578477104918636087e+01 3.726075970376857782e+01
1.004066836816930390e+02 3.757556320033248909e+01
1.374402187406619191e+02 3.967684294816623236e+01
8.069877405867630671e+01 3.848858568163324634e+01
1.211094288089937834e+02 3.636196273195958639e+01
1.191108530071770986e+02 3.531891194086908570e+01
1.375835082865091294e+02 3.940663548436811681e+01
9.351147085238713430e+01 3.883641832500825330e+01
1.107747079060259523e+02 3.637017983614243377e+01
1.153373998054158420e+02 3.112857046963662810e+01
1.426185326276515184e+02 3.291115420385877854e+01
1.034319774678910449e+02 4.063264109275489488e+01
1.367972373125116690e+02 3.242468227059465136e+01
8.750637088852074896e+01 3.806446531954862422e+01
1.083526859713348500e+02 3.446050886320607987e+01
9.933346108110056605e+01 3.997753432947402530e+01
8.961527394299419313e+01 4.106985002359169101e+01
1.410637749589405132e+02 3.956791070509500230e+01
1.321537694974237240e+02 4.258478205844765796e+01
1.121053114840028400e+02 3.591366083268196974e+01
1.145089911150201516e+02 3.794538843643168491e+01
