1.381266848083936623e+02 3.975400933277450832e+01
9.083139065457297079e+01 3.285529446073616811e+01
1.128920766778781370e+02 3.612527958313268073e+01
1.297126786926495470e+02 3.551862845510654410e+01
6.346844214645133775e+01 3.524225720072622181e+01
1.282286793090692072e+02 4.013595992421443981e+01
1.355597918796275678e+02 3.481629577817938070e+01
1.145246392659106505e+02 3.733247681112984395e+01
1.114825259179574033e+02 3.439306888094400705e+01
1.267909455436639519e+02 3.942957725903091415e+01
9.486952247672475380e+01 3.390052674550616274e+01
9.214422836463087663e+01 3.516213777033726728e+01
1.405721036361103415e+02 3.590577058397090582e+01
1.341422137282386302e+02 3.500682649689724002e+01
1.064607036279633405e+02 3.347382857886402974e+01
1.095504584894535611e+02 3.496858392101751178e+01
9.012000390232834945e+01 3.411343983479797259e+01
1.610485688301928349e+02 3.802003234020628497e+01
1.148201344259301209e+02 3.727602136831175983e+01
1.172427574395460539e+02 3.454239121508288690e+01
1.245892715914602462e+02 3.618056172858467789e+01
1.020863611342038979e+02 3.467142688271834317e+01
1.524418309539890970e+02 4.101670515285100294e+01
1.120954294107392144e+02 3.846111707668834612e+01
8.150861634995742122e+01 3.323154778377936225e+01
1.435506397146809547e+02 3.744500591100980813e+01
9.476249506035664183e+01 3.723303150393338257e+01
8.552062480780011811e+01 3.719191554096505570e+01
7.818485723028486234e+01 3.637789369917826576e+01
1.343756987058602874e+02 3.926983344064292680e+01
1.422260030440656067e+02 3.295964529011842359e+01
1.135642214217766650e+02 3.374432799061672483e+01
1.080589070323064931e+02 3.495077359453502197e+01
1.464244783729572532e+02 3.853019990415744189e+01
1.226284284638147142e+02 3.901602990072003507e+01
1.431219204702260299e+02 3.832400338963599040e+01
1.343102205007273540e+02 3.777874696187971892e+01
1.220377036768988006e+02 3.793685315883671905e+01
9.208227178551827308e+01 3.561480258556266421e+01
9.830309162678621249e+01 3.761925951866944473e+01
1.363900672028040617e+02 4.142364472241592210e+01
9.995184052730868984e+01 3.943182137005523913e+01
6.988977281778235806e+01 2.973093011963196020e+01
9.163330116029662520e+01 3.894885966807576239e+01
1.064323243927157279e+02 3.474858795288801616e+01
1.063036784947633038e+02 3.626849856126219152e+01
1.231972069172594644e+02 3.813892114437445713e+01
1.337371920762192588e+02 3.586948575481584101e+01
1.190409942392375058e+02 3.596009321691023786e+01
1.270059873017815448e+02 3.865459738811875923e+01
1.173241456103398690e+02 3.757413555329957688e+01
1.362693704609860390e+02 3.571146484015434908e+01
1.353480519327315506e+02 3.725115312090172637e+01
7.639369733432735643e+01 3.242008714276485648e+01
1.342889560535821829e+02 4.248012858669977021e+01
1.512790746935184245e+02 3.982810407796446128e+01
7.228822043897888250e+01 3.603186368249151172e+01
1.272929462307884307e+02 3.702784510449573219e+01
1.483638543116768744e+02 4.029306336427351454e+01
1.330569079668055679e+02 3.486614089906773017e+01
1.004183727214250723e+02 3.286516223111512147e+01
9.135229601420630274e+01 3.653521396573834323e+01
1.021386280090514163e+02 3.325700661807533720e+01
1.397107051976304888e+02 3.482736136089370405e+01
1.095138003018470698e+02 3.454760188617773053e+01
1.068716966077277846e+02 3.765634619304024966e+01
1.313693691389523792e+02 4.043657876488134661e+01
9.603707261723594968e+01 3.264748085904363961e+01
1.334809480936081059e+02 3.309475819367688842e+01
1.277089048946958485e+02 3.765233673933580150e+01
1.082500778420442202e+02 3.710805979424367251e+01
9.269332841825028879e+01 3.510323737124154064e+01
1.051545849037256772e+02 3.367783635892675420e+01
1.424741356688673761e+02 3.613727258797077013e+01
1.215587311426590418e+02 3.803338542123381671e+01
1.138326308171238708e+02 3.493118668425483975e+01
1.417292384648856967e+02 3.738425725574285963e+01
1.375302535654824680e+02 4.049479131476930149e+01
1.426089809737101746e+02 3.752408172632051730e+01
1.192314465388089673e+02 3.542199505898700806e+01
1.306017213898524574e+02 4.114126323926237916e+01
1.455848178230525036e+02 4.146613100846676758e+01
1.385368444368606049e+02 4.199494924577293631e+01
1.558050843073134786e+02 3.992686857050003368e+01
1.584389792733575462e+02 3.574985509135711226e+01
1.131747278448466147e+02 3.384037715454192607e+01
6.813014367425492424e+01 3.379217492964387759e+01
1.216558622068166784e+02 3.540874686980237840e+01
9.825725272375477459e+01 3.435042903256148605e+01
1.018339527767725485e+02 3.602245947443068985e+01
9.618465085606992204e+01 3.157560684628344561e+01
1.071010220661552665e+02 3.534233722650386511e+01
8.308147926632922520e+01 3.372505647780554483e+01
1.282257675564208625e+02 3.234220729236543690e+01
1.246843278832670308e+02 3.684958623597876937e+01
1.289707060823991469e+02 4.029134570604644239e+01
1.127612238539957872e+02 3.722603724994782226e+01
1.172105522932902915e+02 3.665180755780063748e+01
9.753716541157922393e+01 3.510352893255289075e+01
8.448050724611839257e+01 3.288260870651909329e+01
