1.044461736541770023e+02 3.281706390663953954e+01
1.369371088428798942e+02 3.778373237096506898e+01
8.089111831415560516e+01 3.644046739894329079e+01
1.138768520010355587e+02 3.745566430768382560e+01
1.301841475487731259e+02 4.171328619731211518e+01
1.191994979255643159e+02 3.900224204771521386e+01
9.561396033692192020e+01 3.322497743765351430e+01
1.237195296717034694e+02 3.845166864372608018e+01
1.650770055482594216e+02 4.142590416586300250e+01
7.771526042932738676e+01 3.733184140032760467e+01
9.285238458363608061e+01 3.124144378888885498e+01
1.159135669578485448e+02 3.889622700239386432e+01
1.649898650409971310e+02 3.896965151611107814e+01
1.344058566541636424e+02 3.799605558368462965e+01
1.048999881733793700e+02 3.830626658317116551e+01
1.260020442448376912e+02 3.579426644878262209e+01
1.386655707237588047e+02 3.312741473364831535e+01
1.338341087771157163e+02 4.024287055857980988e+01
1.405582582695683413e+02 4.034685514961425667e+01
1.087829820593390622e+02 3.703148004972316443e+01
1.115169223659107445e+02 3.766422024463007290e+01
1.104817370544598418e+02 3.709422509705780158e+01
1.253585433744917879e+02 3.815885147748611672e+01
1.415334259014532563e+02 3.650093009795110532e+01
1.519542756126012648e+02 3.702788841221379101e+01
1.597240981038402197e+02 3.917649946293529695e+01
7.676133297873747097e+01 3.408552676273399840e+01
1.032929271464549998e+02 3.618600484340061030e+01
1.342249967670668127e+02 3.401515626857614905e+01
9.878205601121844381e+01 3.746892832982963739e+01
8.805089109986620599e+01 4.147324047176607564e+01
1.439060914297188276e+02 3.683044855242141580e+01
1.343502659230791494e+02 4.231896311320443971e+01
1.079846279367493480e+02 3.525055091094230164e+01
1.384510856985753549e+02 3.493778487111243436e+01
1.098773177183611125e+02 3.675916874303210591e+01
1.064864050732148826e+02 3.603037331810232757e+01
1.508465442466074080e+02 4.093984922459721787e+01
1.245088525354939009e+02 3.909667479708448923e+01
1.319207291231803936e+02 3.742391826259967047e+01
1.352499093341513117e+02 3.340034532225900676e+01
1.289500915003152670e+02 3.850313783496969222e+01
1.340072265008365378e+02 3.480601866848479631e+01
1.350114428841481526e+02 4.017452902773128898e+01
9.358485091306296511e+01 3.646042106935026794e+01
1.032922524958986799e+02 3.315418264095892198e+01
1.010440785290817161e+02 3.629050138316060981e+01
1.180025482921771243e+02 3.938597217571000186e+01
1.267767960749028049e+02 4.001677343620190186e+01
9.747385887544891148e+01 3.566453033353474922e+01
1.159508211005971248e+02 4.104326862727400993e+01
1.374745205113080431e+02 3.492408716088385745e+01
1.226049456354265317e+02 3.574133340014699911e+01
1.091053988544628197e+02 3.378364951175493047e+01
1.247232903001604853e+02 3.483420580000452560e+01
1.216496270305248402e+02 3.780655171960292904e+01
1.283965445018953631e+02 3.888577492961326953e+01
1.078927906068725804e+02 3.811287210335163422e+01
1.497522423145798882e+02 3.744073821436471405e+01
9.689758085836774626e+01 3.641429868758807942e+01
7.051800499039018177e+01 3.373960765388081029e+01
1.154589402032491705e+02 4.057941089262586587e+01
1.133536534925201380e+02 3.472654605453571719e+01
1.087421323316802955e+02 4.208199260025630650e+01
1.369599211186493335e+02 3.659316559983824391e+01
1.056171269365884768e+02 3.782623534383393604e+01
1.501247482397791373e+02 3.439122726620221471e+01
1.202868338245161510e+02 3.441504338939933660e+01
9.421973728637988188e+01 3.172077866820186642e+01
1.223122666766413715e+02 3.401765561421002104e+01
1.200113155141181949e+02 3.310792559063218476e+01
1.287908178629567999e+02 3.749506678041014851e+01
1.470685884640309382e+02 4.088970116048862025e+01
8.981207773634467628e+01 3.148473937211059948e+01
1.205344283657441338e+02 3.798226050771556572e+01
8.467803035266135225e+01 3.743940650431829198e+01
1.387996706305926295e+02 3.843826646615263343e+01
7.696524327706154622e+01 3.605287775032645925e+01
1.029454978622163424e+02 3.466312936484831653e+01
1.311433326471380951e+02 4.176998296220656925e+01
1.200286464224897856e+02 3.805498205481647034e+01
1.520972460912914812e+02 4.081002618793908709e+01
1.539403936044654415e+02 3.924084712345242565e+01
1.143924820999281735e+02 3.698641997522560132e+01
1.434533168832140859e+02 3.730640851269712499e+01
1.219830405059096705e+02 3.746059925787727707e+01
1.405480442566176009e+02 3.908774278909591970e+01
1.285290250466456143e+02 3.994269494384793973e+01
1.019836652423250456e+02 3.807375983071835890e+01
1.357482855209782144e+02 3.496860495704313365e+01
1.249075461134530656e+02 3.757239017641744283e+01
1.326638928614616759e+02 3.603378688149258124e+01
9.471250010959198562e+01 3.229492139935053530e+01
1.193969735419645843e+02 3.757550283079328324e+01
1.132492841703109718e+02 3.688723406041411579e+01
6.060206891892820380e+01 3.422589554939525414e+01
1.128362460379572525e+02 3.640592415545866345e+01
1.256941571225479066e+02 3.746910061605003506e+01
1.385058854978198610e+02 3.846266293232603317e+01
1.627422619235395018e+02 3.834737280140057436e+01
