1.138631444862153614e+02 3.850117328378328097e+01
6.984761665476197834e+01 3.513098181447567470e+01
1.360984568466238329e+02 3.337521985725232554e+01
1.030646589033886329e+02 3.596364212976826735e+01
1.326372988127205872e+02 3.934852556957329028e+01
1.356258965805847083e+02 4.056673739983494187e+01
1.088824508964104183e+02 3.490286631243570525e+01
1.511577785485051209e+02 4.256455638145851594e+01
1.384352162814275857e+02 3.832306289476079542e+01
1.180899772689722056e+02 3.540724342219898091e+01
1.541559693439272110e+02 3.644426546581053117e+01
1.168867835003843965e+02 3.841216444910875794e+01
1.047760139609570587e+02 3.267534463565203851e+01
1.186658097831787586e+02 3.450535831804004516e+01
1.327079491285425377e+02 3.687188066159883704e+01
1.172340196118315703e+02 4.125225041472432252e+01
1.116161176511942443e+02 3.606137444711418993e+01
1.129185455297896823e+02 3.654455078453595007e+01
1.145353273711924231e+02 3.884237938444289284e+01
1.362685588207885985e+02 4.154234400567098362e+01
1.554565177047095688e+02 3.759381654710665543e+01
1.339313204909748265e+02 3.583708342059690466e+01
9.343645442500643128e+01 3.745659341490844696e+01
1.331275864295295150e+02 3.860441871351520859e+01
1.307114299421550925e+02 3.136626737780901664e+01
1.164840601535473041e+02 3.841940187194037293e+01
9.480136225338230815e+01 3.594427003157923650e+01
1.412604170277676872e+02 3.443407942687357348e+01
1.531563015201861617e+02 4.210876039381466995e+01
1.302531146822418009e+02 3.669727640746256014e+01
1.244579300685662844e+02 3.749882997933224971e+01
1.021558222824795052e+02 3.659139661886717221e+01
1.214326686885078033e+02 3.380684730549840111e+01
9.966687012868655415e+01 3.923506274957682649e+01
1.292354881671174951e+02 3.712193785891190601e+01
9.302115068832698341e+01 3.877820088897718875e+01
1.183879096472141299e+02 4.024111551409036736e+01
1.332320811526212481e+02 4.212034931170170893e+01
1.128170084285998485e+02 3.641038452156653449e+01
6.254239999544213902e+01 3.525024429837625917e+01
1.083673080105015600e+02 3.477697386772920396e+01
8.090067808168974750e+01 3.307397101666953176e+01
1.121650713051043056e+02 3.327285080558298347e+01
1.413084414988456388e+02 4.241669844399818601e+01
1.585378464561948419e+02 3.913572590821424058e+01
1.128099961727557172e+02 3.707802771616030668e+01
1.135359201740567130e+02 3.823962405718692281e+01
1.205686426005431713e+02 3.868176911592127709e+01
8.256715285073566690e+01 3.535944556561989316e+01
1.431329445992587068e+02 3.601483385986086461e+01
1.067448657312459375e+02 3.772703248707937007e+01
1.397747461225017673e+02 3.501635550148553477e+01
1.552679226833697896e+02 4.085648186038031326e+01
1.002120493633556606e+02 3.351046318663096457e+01
1.197493800654920335e+02 3.672055349567972371e+01
1.313445419083369927e+02 3.911773066990942738e+01
1.210322313713266311e+02 3.615477963450005205e+01
1.115688602431326615e+02 3.353905919517406176e+01
1.033982726767087286e+02 3.988675387750545553e+01
1.152969746461772331e+02 3.614040424634388415e+01
1.538817835493264283e+02 4.212252251347095466e+01
1.463307925237336633e+02 4.067947448777137964e+01
1.381197352828719715e+02 3.766092630937009034e+01
1.241063925164780386e+02 4.207050709547738876e+01
1.033344942664366926e+02 3.477296145512171677e+01
1.032214769619074701e+02 3.590799781222343512e+01
1.104639003810135591e+02 3.621268003338143870e+01
1.166208410139593781e+02 3.815688253457463475e+01
1.488547862555690529e+02 3.564375458659258555e+01
9.108593784453640296e+01 3.085247831226363857e+01
9.150204419082174923e+01 3.758378434824988545e+01
1.219653628013818718e+02 3.363554799758461655e+01
7.962523871399258724e+01 3.608109904617113273e+01
1.219404236720660037e+02 3.745408819245601961e+01
1.627744752902336813e+02 3.816956033864916265e+01
1.594811924794678646e+02 3.702728537229957340e+01
1.329424270133496861e+02 3.804315441214210836e+01
1.304049384320084641e+02 3.977480626596351954e+01
8.659081138904265629e+01 3.248380774640365587e+01
9.825383504552058866e+01 3.694294910733994897e+01
1.607409512232908924e+02 3.897138227770913232e+01
9.884379125314694647e+01 3.228274725347573337e+01
7.999548366434945024e+01 3.692257354202059361e+01
1.468111924940155291e+02 3.502529075599517938e+01
1.022964448231918766e+02 3.519260102081617703e+01
1.149463926984021498e+02 3.667383889615783943e+01
1.414969524634269931e+02 3.895797569583759667e+01
1.411792734389390205e+02 3.750536231201339632e+01
1.351297073638860695e+02 3.918203107620528414e+01
1.205824615482151785e+02 3.857801176984851566e+01
1.008388970325880507e+02 3.072569751850994990e+01
1.550195243686499396e+02 3.955909451786043007e+01
1.437180557956121447e+02 3.573954482015333411e+01
8.205670442399807030e+01 3.720005403153645318e+01
1.090781330986453952e+02 3.579248182402991318e+01
1.200422245129850864e+02 3.579858155700591027e+01
1.267282076705184721e+02 4.225468536952054421e+01
1.182326956651016587e+02 3.472879215959085997e+01
1.099645474260325955e+02 4.001390448731267924e+01
1.074947473004519054e+02 3.353871396482770706e+01
