1.160002152376842162e+02 3.648810107054431029e+01
1.142597938477994575e+02 3.408745551135667284e+01
1.303435359458379992e+02 3.655473754001337738e+01
1.225782595845276006e+02 3.685798268777229936e+01
1.469319697499112749e+02 3.572566579697642197e+01
7.185982187147651246e+01 3.360016130182739147e+01
1.256443418032897910e+02 3.324428942881706917e+01
1.339332557952680531e+02 3.857582049793474965e+01
1.776653925261625204e+02 4.374885165751597071e+01
1.217582329716194636e+02 3.875828308693431978e+01
1.236129601465783594e+02 3.959362940286725063e+01
9.448457729647738290e+01 3.957267841562722310e+01
1.278171458526658597e+02 3.612576495676695032e+01
1.157664161040028574e+02 3.523372261800351168e+01
1.226285365860762795e+02 3.777577948148928044e+01
1.507879515563805910e+02 3.781768775926996540e+01
9.103609141782506242e+01 3.677908352768925226e+01
1.153048397123790352e+02 3.521932193844289571e+01
1.393459696867247146e+02 4.102584816017319014e+01
1.235178412660727787e+02 3.274163654458676120e+01
1.100762820492386282e+02 4.000184381504575271e+01
1.331590830811726391e+02 3.843307422403648843e+01
1.393721685077366601e+02 4.193248086523704643e+01
1.322759193017099903e+02 4.424149440008806522e+01
1.133000166218591431e+02 3.449758272945545201e+01
1.075391130297519453e+02 3.425639617080412336e+01
1.356529468967906951e+02 3.714348784871807396e+01
1.168694275292973259e+02 3.732351356191113467e+01
1.227090776942522297e+02 3.533921249986154578e+01
1.497723146537813932e+02 3.721297040506875931e+01
1.079411710783189449e+02 3.201061109178027664e+01
1.189720021656030724e+02 3.594312181862507316e+01
1.036085461170474105e+02 3.551187784439137829e+01
1.159043521733849502e+02 3.993157694673038804e+01
1.323819059637106079e+02 3.718193853397071535e+01
1.095123378608355722e+02 3.598703516537976554e+01
1.058699713160802389e+02 3.859650184018604335e+01
1.009059026963115713e+02 3.831553241228103701e+01
1.360609047052623737e+02 3.929158949090169273e+01
1.217184534837156065e+02 3.612855243440935737e+01
1.519973654612777807e+02 4.206194358506974851e+01
1.278312985903632324e+02 3.994608387695246421e+01
1.259392801632566403e+02 3.630589637994954444e+01
1.265742938931290240e+02 3.726870386277970937e+01
1.313221447662936043e+02 3.927269047611497399e+01
1.490834051329009071e+02 3.735245658806298508e+01
1.041270332484607053e+02 3.711359363069702511e+01
1.229644915764058055e+02 3.778601626822961634e+01
1.474080725591201713e+02 3.907265545438304599e+01
1.386224104892536673e+02 3.580621137287493383e+01
1.219932961012549413e+02 3.988317630086365284e+01
1.069213089236915124e+02 3.481718115857771068e+01
1.233214866508299963e+02 3.616863919324855203e+01
1.224423498131128270e+02 3.845984246192618627e+01
9.374634388147744346e+01 3.767206653592516830e+01
1.199827338482581069e+02 3.493730850331375848e+01
1.655138441780921426e+02 4.488394552799810100e+01
1.193971765696255432e+02 3.899948563633558507e+01
1.205595074085018297e+02 3.351596671411175521e+01
9.377135519507491779e+01 3.467489014708166195e+01
9.686479533241221418e+01 3.504648404396247230e+01
1.142664837834427374e+02 3.539477968492966653e+01
1.130573940385881286e+02 3.652854866186082461e+01
1.017254535960143187e+02 3.627222488530050981e+01
1.167682263245041980e+02 3.606565196950344898e+01
1.125743616072845867e+02 3.694618070293151391e+01
1.234268207801430464e+02 3.756720844226920519e+01
1.151483813528803211e+02 3.869375501285917807e+01
1.152903332282089224e+02 3.793541591905010080e+01
1.074483077611198354e+02 3.704687977631932227e+01
1.210650512302724451e+02 3.635110042519828255e+01
1.514718965591908386e+02 3.710763860417846871e+01
1.261553712357674755e+02 3.629009963395881755e+01
1.251819286387192278e+02 3.588471655944090344e+01
1.422385300484315565e+02 4.398243747346417365e+01
1.281337273226774300e+02 3.751733665257518169e+01
1.227897808047747503e+02 3.829509501250347370e+01
1.239082143046593956e+02 3.680982151653846302e+01
1.128441885737139216e+02 3.700214504642332258e+01
9.911128692344841795e+01 3.602289083808539516e+01
1.052013595041022569e+02 3.450129540328144628e+01
1.048642470234565138e+02 3.458691523785086019e+01
1.143091100904646140e+02 4.269727169422141344e+01
9.840455776485273987e+01 3.441057097478061877e+01
1.063226531342058223e+02 3.435806690357257764e+01
1.079828847656264372e+02 4.039762571197231011e+01
1.252262530292814802e+02 3.622295023278525150e+01
1.472951307543974622e+02 4.368666103705040626e+01
1.234543789432114522e+02 4.138439656016614521e+01
7.264130279769831589e+01 3.652073573156901887e+01
6.406902237313749993e+01 3.570178234069808099e+01
1.302929350663114008e+02 3.474279011657947080e+01
1.148563360505505671e+02 3.862019557471494124e+01
1.418293810852159140e+02 3.677204877440684072e+01
1.258431322627996991e+02 3.574691006520007619e+01
1.289985808894959405e+02 3.740371883032484135e+01
1.247981305003909682e+02 3.513860118050279624e+01
1.202017600331750486e+02 3.844239769572365617e+01
8.521658903287456610e+01 3.396732129903816144e+01
7.324915887702127293e+01 3.489675396153340614e+01
