1.478163873122232133e+02 3.581595338862712907e+01
1.396329068844574692e+02 4.097130632608668321e+01
1.551296884905666218e+02 4.335253269085953320e+01
8.470667247221673790e+01 3.885614179808749213e+01
9.790033004676678274e+01 4.190108469046361250e+01
1.191394565439212130e+02 3.668886410468856241e+01
1.223670232698231928e+02 3.855659025067659940e+01
1.322118257249769897e+02 3.711902991023051612e+01
1.382916510337291243e+02 3.534165402226599184e+01
1.544522828460893891e+02 4.155256031092803681e+01
1.202340116047931673e+02 3.797794497912514089e+01
1.090639779209985392e+02 3.802682367982467326e+01
1.261377966399306132e+02 3.634515706928614520e+01
1.173737187904441726e+02 4.207518322871321459e+01
1.786897581527391878e+02 4.009823588497206970e+01
1.330657768580495315e+02 3.771464088672515658e+01
9.289097103533374877e+01 3.724860835220896860e+01
1.058947693090063353e+02 4.048242828045122366e+01
1.341276285910371655e+02 4.161595301603468755e+01
1.554489006215248139e+02 3.989254066548983246e+01
1.125427109906105301e+02 3.585861753084357417e+01
1.389702796365389190e+02 3.701693535827622128e+01
9.384497405002031201e+01 3.373458242188015532e+01
1.165665639542142600e+02 3.827671289430701052e+01
1.193380537484586199e+02 3.585596181425194828e+01
1.274864510406972897e+02 3.877601187422114037e+01
1.358190497079382340e+02 3.857242376223135238e+01
1.173834561984077993e+02 3.239622202936966033e+01
1.147951693812705827e+02 3.686773533413283133e+01
1.129990223037652157e+02 3.426416414997963500e+01
1.065458822864574131e+02 3.661506929974457591e+01
1.008024364752885020e+02 3.987189837827688876e+01
1.316464030198928299e+02 3.819098429263404171e+01
1.738412434296155311e+02 3.779228454465813059e+01
9.825932077683945920e+01 3.611075126706747085e+01
1.252777362899509939e+02 3.707127884138800056e+01
8.595509327650302112e+01 3.551771168444789595e+01
1.208897409288864111e+02 3.977015996466036540e+01
1.336803555409741762e+02 3.578541585345415399e+01
1.252476432712536933e+02 3.790664561112167519e+01
1.755981578908604774e+02 3.683252954748216723e+01
1.047766491790780066e+02 3.328544783011960106e+01
1.047505135715335314e+02 3.639041587555124124e+01
1.206365791182830520e+02 3.438787453971474406e+01
7.152040787720021342e+01 3.684775341358467671e+01
1.092396055615110129e+02 3.847020777992357665e+01
1.392212468159392813e+02 3.794818421307670064e+01
1.567187484362299585e+02 3.858348339350551726e+01
1.229281681053324604e+02 3.635631584225755120e+01
1.189841018696746744e+02 3.838829074704772637e+01
9.251721834380104781e+01 3.665169757101697456e+01
1.140621910936981607e+02 4.072117481353107848e+01
1.058946723098439691e+02 3.458314874424550567e+01
1.098894900598230322e+02 4.048139702295532061e+01
1.384064586803262955e+02 3.986876543738384981e+01
1.125381703030708991e+02 3.620082869666602932e+01
1.085480686320641581e+02 3.377407781519255536e+01
1.248462529747957177e+02 3.752779347125915166e+01
1.958744950071736639e+02 4.333653191780138769e+01
1.040957482114030910e+02 3.784655738483581189e+01
1.239440244277546697e+02 3.635148373656726051e+01
1.513360768520814474e+02 3.991626193128142575e+01
1.232482222312535356e+02 3.586280510845251968e+01
1.220226182582621419e+02 3.326773241422574046e+01
1.534401662775635202e+02 4.050164061250397651e+01
1.341217837805345141e+02 3.483676705986475497e+01
1.589077341159011212e+02 4.062461532050686941e+01
1.286918585986770722e+02 3.355666187367891951e+01
1.414451223459041671e+02 3.454082922632191099e+01
1.308066257401772532e+02 3.530157507128219407e+01
7.868538633407328575e+01 3.689086061667232030e+01
1.181650172601902824e+02 3.392142679056043875e+01
1.248660317260655148e+02 3.688142410971521912e+01
1.117809297004125995e+02 3.240798797024989142e+01
1.388948814058158518e+02 4.257803105132018828e+01
1.401842213791366021e+02 4.140163906413372530e+01
1.272068093167512615e+02 3.995189315822663900e+01
1.375694175335422926e+02 4.159529714382047416e+01
1.208886139349312572e+02 4.096728654110254553e+01
1.208843715268382510e+02 4.204646370087583307e+01
1.211875542447957628e+02 3.466189206239994292e+01
1.175914544803259929e+02 3.474540852842395111e+01
1.320460598320623831e+02 3.702899114239018985e+01
1.281826921520309668e+02 3.866658760947982643e+01
1.057921270672007239e+02 3.530967918646928894e+01
1.142104978489726506e+02 3.766819878861246451e+01
1.251696034770571373e+02 3.812580278842886372e+01
9.459706578819678668e+01 3.286375866727916417e+01
1.122154129723376599e+02 3.525650565343545395e+01
1.099759481059422939e+02 3.298376722762459679e+01
9.325012446352366169e+01 3.370105599041709610e+01
9.707663239808456979e+01 3.250182623156849360e+01
1.318616845991857076e+02 3.312592116724449198e+01
1.286272562355939613e+02 3.987858271188142822e+01
1.084778689243476606e+02 3.516341409800796214e+01
1.137764508895642592e+02 3.817619264612997654e+01
1.222568131018041413e+02 4.174907701771851265e+01
1.303696587991539388e+02 3.712189107859826720e+01
1.309519172983118267e+02 3.584203056629706907e+01
1.067098047164495540e+02 3.776183344859242652e+01
