9.152697350994405667e+01 3.822263418115644384e+01
1.137280249194071615e+02 3.530487417882163470e+01
1.340769133743674786e+02 4.021713931497244943e+01
1.105946703846587269e+02 4.003970415254734405e+01
1.055087975707964034e+02 3.702865279045588665e+01
1.229365738017508960e+02 3.518750936247922567e+01
9.650262435158226992e+01 3.308415238161622085e+01
1.328617034679320170e+02 3.428978125652853493e+01
1.521337908430880930e+02 3.995599803405412587e+01
1.430116058232881073e+02 3.871287614788388964e+01
1.199831130239713417e+02 3.694886331642492650e+01
1.037813624814543658e+02 3.679405097055775542e+01
1.375355777083864552e+02 3.577415124846577754e+01
1.413055350207112895e+02 4.257350886167395032e+01
1.365737006832344207e+02 4.015003802230318541e+01
1.585484642307206968e+02 3.735512067501818478e+01
1.073505155597974010e+02 3.629746790492293229e+01
1.275709562427051651e+02 3.483879960166100176e+01
1.252607207128310165e+02 3.804672691288472919e+01
9.107820806718841311e+01 3.594205133798142526e+01
1.507204172135677709e+02 3.764415655376080139e+01
1.220614210816193577e+02 3.788220904479982920e+01
7.953521888611346924e+01 3.377861984910320103e+01
1.218475470085723344e+02 4.075926897704304253e+01
1.511508765137630519e+02 3.710075199054205797e+01
1.244221415533163082e+02 4.020836525746770462e+01
1.487092331906551124e+02 4.076182249461643892e+01
9.960023188835576491e+01 3.744008880296589581e+01
1.168003608989968853e+02 3.475924777750606154e+01
1.338980327669848691e+02 3.955004546790007680e+01
1.175275106109803147e+02 3.900493137022647261e+01
6.676195106851065475e+01 3.383104103656864226e+01
1.476658878879862016e+02 4.136804582232872463e+01
9.494934270773248386e+01 3.721268443643855761e+01
1.096707273999401764e+02 3.365480206443015732e+01
1.276455757451787321e+02 3.275556210594071160e+01
1.250097906785539408e+02 3.463932171770863278e+01
1.404046757249236634e+02 3.646641638468106805e+01
1.492887078132101806e+02 3.853479300056949342e+01
1.400427130489714784e+02 3.876769536473705102e+01
1.073658610770644799e+02 3.539642212535080290e+01
1.078332913023733255e+02 3.535271547193119090e+01
1.257827636691530273e+02 3.821199568793001333e+01
1.414587134197337832e+02 3.452212172232639631e+01
1.072241747737458013e+02 3.170630522374203153e+01
1.217462526818373050e+02 3.654131423507983811e+01
7.394047740474637465e+01 3.158434461903740242e+01
1.247398368192434788e+02 3.797299771061924645e+01
9.884586113792613560e+01 3.335746111356709775e+01
1.265512633064666943e+02 3.859394701323645904e+01
1.459954702380444189e+02 3.795550992518134592e+01
9.865889699411565061e+01 3.810020294421210707e+01
1.296456374721742861e+02 3.807380392108264999e+01
1.462963214363650764e+02 3.507939538596315288e+01
1.352138145414070323e+02 3.759125665025703711e+01
1.087609851130807499e+02 3.990336732733671710e+01
1.355229110376781421e+02 3.498269482244502626e+01
1.345189918386908801e+02 3.682793185712944251e+01
1.374054701767209963e+02 4.028962974256155860e+01
1.259437717665493466e+02 3.449412777173412792e+01
1.104013029774259280e+02 3.463249002709412139e+01
1.546111461188668272e+02 3.831041882021636980e+01
9.541677736378834140e+01 3.377164538798288618e+01
1.577810576496223973e+02 4.014215291569365718e+01
1.350677053927955740e+02 3.764332495310615911e+01
1.083017926612632067e+02 3.891587164398791998e+01
1.389428868256410396e+02 3.574739137094189800e+01
1.384811042367286404e+02 4.133900377051765673e+01
1.459051927358046044e+02 4.012435529235116149e+01
9.505012201384711545e+01 3.564817273198956116e+01
1.107677286518948563e+02 3.623529403864036169e+01
1.485848329525160807e+02 3.888025890931111661e+01
1.382471542868032088e+02 3.395700181687965369e+01
1.061744369500590466e+02 3.275474312777390651e+01
1.273574570569626303e+02 3.659719780717212956e+01
9.023260267054135397e+01 3.762005314353243790e+01
1.227099243995284894e+02 3.636429297147063266e+01
1.260316027249676694e+02 3.518107868765191171e+01
1.071924590590007114e+02 3.558478713507783198e+01
7.175456646158211527e+01 3.344622927275508317e+01
1.271264464010675681e+02 3.807252227759965280e+01
1.139665125581217211e+02 3.228639840699533892e+01
1.503294097495344488e+02 3.274584250704336341e+01
1.649138009996735548e+02 3.884977180684222731e+01
1.786461096066522316e+02 4.335719011772520304e+01
1.485713774146464630e+02 3.571995797061162392e+01
1.350271330314002114e+02 3.389660045415731560e+01
1.394447333516794458e+02 3.935570817922240394e+01
1.396288052627879779e+02 3.601809528783001468e+01
1.240988522957256066e+02 3.714582907400983203e+01
9.485660617590812649e+01 3.133055499428077439e+01
1.312074010972919496e+02 3.250517697481533475e+01
1.364853708617066843e+02 3.954496231433277131e+01
9.381295043354253949e+01 3.918823033964389424e+01
1.277947731098713291e+02 3.779046175293826337e+01
1.437498800347489691e+02 3.917004736721612801e+01
1.247287969734992856e+02 3.662215859197792156e+01
9.536892728023973120e+01 3.397232974162924535e+01
1.278600069051713461e+02 3.550061705011371060e+01
1.595940004072141392e+02 4.083747463365515529e+01
