9.549724075735313988e+01 3.903257589234701896e+01
1.253178157764433820e+02 3.859765649326357817e+01
1.213228303914882247e+02 3.991188445227119530e+01
8.863467059466461251e+01 3.499773477965516122e+01
1.232838083348857481e+02 4.061397669765277385e+01
1.168371843765514626e+02 3.847641222890545265e+01
9.687823490705106622e+01 3.860287556337009818e+01
1.191955825478747215e+02 3.994217230721363165e+01
1.145344258177993311e+02 3.779013466731905169e+01
1.082558416689809917e+02 3.822683928833584588e+01
1.028268239582815085e+02 3.726604570434191288e+01
1.047173657519992958e+02 3.327665445799685529e+01
1.470182796730320547e+02 3.664736457324674745e+01
1.004184258444772126e+02 3.440077669041588848e+01
9.086941798472008713e+01 3.406014037773676506e+01
1.532292771481486398e+02 4.065649797326917536e+01
1.106000897154963525e+02 4.377171847652354586e+01
1.045746343592883107e+02 3.829074556845644395e+01
1.182360037760822848e+02 3.560052522084560422e+01
7.773976514002460192e+01 3.657067972972409109e+01
1.570904178098720934e+02 4.135155079227034491e+01
1.160205768212370145e+02 3.476941907892238959e+01
1.431874141965896854e+02 4.031755118652012726e+01
1.329280823123716857e+02 3.810554939932011109e+01
1.482800637037483398e+02 3.609816797643582476e+01
1.402463984252458999e+02 3.913904151056505754e+01
1.601134282731350993e+02 3.585873767370286913e+01
1.268997997097864214e+02 3.426014184986102862e+01
1.104621031348747664e+02 3.565804489501778107e+01
1.334154474529007075e+02 3.760040498438420542e+01
1.203685774829220065e+02 3.621680491002635449e+01
9.742780232800356544e+01 3.263520819901247449e+01
1.117218560545576054e+02 3.457915800514727067e+01
1.567125544192458051e+02 3.976413098064958263e+01
1.318836200375286865e+02 3.685105567942435556e+01
1.128973051565545092e+02 3.613080907084700044e+01
1.161215675298098944e+02 3.534949909140119217e+01
1.205448962926448786e+02 4.142321867790552403e+01
1.694116123660564313e+02 3.979442796099381496e+01
1.350385904134938926e+02 3.736567191503645091e+01
7.472330379080140972e+01 3.795657993825803089e+01
1.193715404034739862e+02 3.537941087233588178e+01
1.209295972253199380e+02 3.635514082700220229e+01
1.447165943025420916e+02 3.525645732964969170e+01
1.112429910374340807e+02 3.581456561340324640e+01
1.094903902604103791e+02 3.806039987926094881e+01
1.156334306333082793e+02 3.908016586093545186e+01
1.565015101255922616e+02 3.892045761124524006e+01
1.383907512742235895e+02 3.786164048536674187e+01
1.042342400802364608e+02 3.820767430077636817e+01
1.389843384140120577e+02 3.627499274234924798e+01
1.103480291727412776e+02 3.714037790730822763e+01
1.041972871596225758e+02 3.355729717040416915e+01
1.532813678572870231e+02 3.595232710905118978e+01
1.178968283011605962e+02 3.612368815346442119e+01
1.327085051438850769e+02 3.722401071536494044e+01
1.093883719029857957e+02 3.615111273076363574e+01
1.194090141690763716e+02 4.106522285437691266e+01
1.193686830451848238e+02 4.087538990785878212e+01
1.423152084489180424e+02 4.060939547906131253e+01
8.611446630125209367e+01 3.822755506206920728e+01
9.924714500413311669e+01 4.086094605645286748e+01
9.699067505013944412e+01 3.433004779557630570e+01
1.346809981189637142e+02 3.958518472042065639e+01
1.161929212749705016e+02 3.479151508883316524e+01
1.025531028707003856e+02 3.633493367278583008e+01
1.002281036147707596e+02 3.646020475042617193e+01
1.309237856422877542e+02 3.970601899647348887e+01
1.032248986998216935e+02 3.612132201776672957e+01
1.199924680257052927e+02 3.928486788286195264e+01
1.434676927582331984e+02 3.994270114043150244e+01
1.311181632864330879e+02 3.982256802396886997e+01
1.359427503933076480e+02 3.617099931433592985e+01
1.398506689534917768e+02 4.085920661891486816e+01
9.233997512697123966e+01 3.623815396228610552e+01
1.102936106829692307e+02 2.845903265542765936e+01
1.719304289308048226e+02 4.044824085281003079e+01
1.248088606614498133e+02 3.956909580143494765e+01
1.713109174039864513e+02 3.933543998376037365e+01
1.234573807612375873e+02 3.797900659702482784e+01
1.099887089660453796e+02 3.767521768370328061e+01
1.324057071416869462e+02 3.786768498377988834e+01
1.066124719156419616e+02 3.311792849977280895e+01
1.263519215682628101e+02 3.656428307550084611e+01
1.180625549283029017e+02 3.430463540795125965e+01
9.758252504194759069e+01 3.801818745498739105e+01
1.112229914007250215e+02 3.616724011499109537e+01
8.481053069159445101e+01 3.413605817898312011e+01
1.212800419741695066e+02 4.104419614686846529e+01
1.684643749100919479e+02 3.796139213219122155e+01
1.015132668714995674e+02 3.984002062144693213e+01
1.279805699957637160e+02 3.910393995512612264e+01
1.302871657502846858e+02 3.966678832145781541e+01
1.167526729912586916e+02 3.800978801949725749e+01
1.047596385544655959e+02 3.640927147474887704e+01
1.559861985755727574e+02 4.256824428254059711e+01
8.529360728016158077e+01 3.468886951313080402e+01
1.166847890430869512e+02 3.593001290570165907e+01
1.268422912985978854e+02 3.811333839180476701e+01
1.221360004290786350e+02 3.860321180253089324e+01
