1.067481400243289329e+02
1.179340271881690114e+02
1.196539861149528861e+02
1.055956477097194579e+02
1.111860236748745194e+02
1.212677010728113203e+02
1.193152897566973536e+02
1.238777468198175598e+02
1.112596004032517953e+02
1.052912507599678520e+02
1.217027397929331016e+02
1.139160879844066301e+02
1.073368878830786457e+02
1.174204553944375675e+02
1.126842303038161788e+02
1.031161633992068687e+02
9.685439181139025777e+01
1.116144104776087431e+02
1.213846744430762783e+02
1.029900033531189649e+02
1.125917081272521330e+02
1.088967611475966635e+02
1.288813074016871667e+02
1.149302418615586419e+02
1.157784531045844858e+02
1.030519346235364537e+02
1.127889692371451815e+02
1.095227065770401111e+02
1.057114797814627138e+02
1.123318151668892426e+02
