1.407326308852827026e+02
1.572347053100828873e+02
1.515064482445389729e+02
1.559887514404001934e+02
1.622082042144600678e+02
1.754011134900875959e+02
1.592950505701744248e+02
1.565055497399270621e+02
1.570531414721718875e+02
1.526033129468568177e+02
1.627150094217365108e+02
1.556152754080915201e+02
1.510834694233422510e+02
1.587002915505977967e+02
1.378800941548934418e+02
1.352253586369442075e+02
1.544657277625324525e+02
1.682977211436655125e+02
1.591637189094638245e+02
1.486950404358124729e+02
1.514634973095538442e+02
1.594724177322842138e+02
1.633752872510542034e+02
1.618074190396160930e+02
1.548576442783258358e+02
1.420121620500826509e+02
1.703642430817699278e+02
1.729522881475290603e+02
1.633264725782415212e+02
1.573437949019412372e+02
