1.565092781922255938e+02
1.548328888155516552e+02
1.713166754037252986e+02
1.577093781058578656e+02
1.580739138888050093e+02
1.632661067086550020e+02
1.405883901185054015e+02
1.719200118282614085e+02
1.555265069563049565e+02
1.483768997578716835e+02
1.644401894748291113e+02
1.502489751625944905e+02
1.579935344414246288e+02
1.597828611919249795e+02
1.559541776843125547e+02
1.348282217432472407e+02
1.560269315779080728e+02
1.549166432433046054e+02
1.697403676018364820e+02
1.429808634748338534e+02
1.561857759563477828e+02
1.601339950851728702e+02
1.563826164981743148e+02
1.545773617618949629e+02
1.308047214377825469e+02
1.287639928244865928e+02
1.625636777226722245e+02
1.546562183591600217e+02
1.607039216381418498e+02
1.470397684762898223e+02
