1.200835299349228649e+02
1.097185309027630353e+02
1.123530394594174595e+02
1.094891085299082931e+02
1.035262681176523074e+02
1.098354778496343442e+02
1.120372492856529050e+02
1.015660566314341224e+02
1.121463854741482180e+02
1.168811352449872061e+02
1.296774041755559210e+02
1.063123819311898330e+02
1.102369516087617569e+02
1.193579299557368643e+02
1.133087501730463202e+02
1.104975806791871378e+02
1.230663440817413914e+02
1.135354282397371151e+02
1.142759172020113851e+02
1.129266960331121084e+02
1.258687743039726286e+02
1.159691744649138059e+02
1.033349366616210432e+02
9.340870416412164445e+01
1.206875910544983981e+02
1.242352382213794328e+02
1.085432894492690536e+02
1.155980221473103882e+02
1.229480175123673291e+02
1.169964945939495351e+02
