5.129278173833682786e+01
4.618619030340971676e+01
4.424231337210994752e+01
3.973371365505346375e+01
3.191800581583686380e+01
4.418502750194880946e+01
4.443025613380166305e+01
3.864177473414713404e+01
3.925412432304858612e+01
3.947499028057274018e+01
4.037923741192139460e+01
5.516718035319723867e+01
5.172746071830815140e+01
5.062876631966372543e+01
3.828915368826807253e+01
4.596315716791360728e+01
4.031469422350386367e+01
4.329514335970867478e+01
4.678179629280850804e+01
4.448718604539607213e+01
4.484698614068099687e+01
3.798787478809043705e+01
4.658366507356896591e+01
4.277489437692366891e+01
3.973987539747889741e+01
4.616953774030832847e+01
4.731367924423909699e+01
4.144869181164551719e+01
3.619490303346191240e+01
3.259986373178713848e+01
