1.482075416597557194e+02
1.415502530299849582e+02
1.381547404158385746e+02
1.431871479997958829e+02
1.281644018426027856e+02
1.256517157948179317e+02
1.403392734298372488e+02
1.429036727015183601e+02
1.410632711421065437e+02
1.405633336274860881e+02
1.405421987242086743e+02
1.323556880643043598e+02
1.273285979526551728e+02
1.470886514013915871e+02
1.287812318355234993e+02
1.516148487049943583e+02
1.121149615395768535e+02
1.322841225779173726e+02
1.358434644774162336e+02
1.428190255616689512e+02
1.431788314001306901e+02
1.203269324849536304e+02
1.226130027836981355e+02
1.262173216097199031e+02
1.319271732471356984e+02
1.315770822253348911e+02
1.647606604646918527e+02
1.468191761673299425e+02
1.399593149730298762e+02
1.325769740058965169e+02
