1.364708254010411679e+02
1.285278064169124832e+02
1.298542122884692844e+02
1.381638166080857104e+02
1.329307197965336513e+02
1.419061410751090193e+02
1.293889518897343009e+02
1.317085413688870403e+02
1.407594161197678204e+02
1.497602497290124006e+02
1.356026351121918481e+02
1.411127029796234069e+02
1.366492160766776465e+02
1.337641600263396811e+02
1.385691059346303007e+02
1.416105608111760716e+02
1.316706225726207435e+02
1.532305496650418490e+02
1.331664887832366730e+02
1.306546471983694744e+02
1.203469692009140317e+02
1.381953683940239159e+02
1.346734100609528753e+02
1.494203836355750923e+02
1.294398842581266251e+02
1.411706619779912160e+02
1.218693850755283279e+02
1.156204857070954404e+02
1.233980514580203476e+02
1.348596249155354769e+02
