3.842541935877488868e+01
4.063410607754019566e+01
4.130745967426491916e+01
3.275023976061441999e+01
3.641172606496849085e+01
4.151244320437859869e+01
4.675426572740349229e+01
4.667165702676368255e+01
4.811775352006816320e+01
3.814728751834735476e+01
4.098329756969968685e+01
4.045763275064138043e+01
3.619459663917120906e+01
3.995179477582257732e+01
3.965920199600356000e+01
3.530430225729310223e+01
3.716665609854794639e+01
4.187835418357718709e+01
3.860099665034346117e+01
3.914615703144261261e+01
3.856324341925409271e+01
5.174196869610864269e+01
4.443821616567544197e+01
4.353202425381476814e+01
3.990287594671161742e+01
3.916416348686419724e+01
3.923203688828652957e+01
3.967960602046099439e+01
4.438475368346666983e+01
4.748935104569596888e+01
