1.346144396423559044e+02
1.388614044872185502e+02
1.269934744238381086e+02
1.427990293601730514e+02
1.493991830913812180e+02
1.223814001774801454e+02
1.406713859635695201e+02
1.260807493299792839e+02
1.281283203198080116e+02
1.118364206139216037e+02
1.415112655052336095e+02
1.420957451988520006e+02
1.293883875722825394e+02
1.307595537015030231e+02
1.227572364558382390e+02
1.387485276308392486e+02
1.395898505541415489e+02
1.248696783693435179e+02
1.403315922830565796e+02
1.496737741664386476e+02
1.302193146693552421e+02
1.296439192966819292e+02
1.352605307646819881e+02
1.562823964810218627e+02
1.435119469964078007e+02
1.234583486153774743e+02
1.373242967197381574e+02
1.327912470148010016e+02
1.392903843034350757e+02
1.232693750246935736e+02
