1.673999255402648032e+02
1.407706989723021422e+02
1.481566926133369293e+02
1.629306159197849979e+02
1.487484328788009691e+02
1.564952001266709658e+02
1.597407845954490426e+02
1.606006373766318234e+02
1.478734475149669549e+02
1.488251101106827150e+02
1.462854838757930338e+02
1.472452164777392056e+02
1.443880061357938303e+02
1.515725932270988210e+02
1.654366293547754481e+02
1.583435143153654110e+02
1.509394337070885115e+02
1.550398990160358608e+02
1.514177398438991418e+02
1.788646603830369770e+02
1.454765157573717715e+02
1.493323031067727698e+02
1.637050763525255661e+02
1.511409513685473485e+02
1.712825131026937129e+02
1.462753950958225744e+02
1.737252371215595588e+02
1.436701534369373690e+02
1.615846185166850546e+02
1.390495819079786486e+02
