1.143055338732538075e+02
1.023918198325061439e+02
1.147912002344553173e+02
1.161155594817717827e+02
1.110405499649043577e+02
1.168985434378976720e+02
1.136719291491833701e+02
9.604435990459379013e+01
1.126214450295172185e+02
9.840915672635802025e+01
1.131257061272962403e+02
1.014969789356964895e+02
1.216144444336429444e+02
9.903116434783319733e+01
1.094035005193958909e+02
1.179717908189596187e+02
1.044950119244666098e+02
1.118023625934997085e+02
1.023131048070556517e+02
1.103252968772828524e+02
1.220977848877176939e+02
1.129820172635165534e+02
1.083427878389740329e+02
1.148377666925492520e+02
1.012139845517166066e+02
9.175022590003163714e+01
1.140237848215076326e+02
1.131351282583798366e+02
1.073407569449970254e+02
9.597913538897614671e+01
