4.366954777219103789e+01
3.820608344579096638e+01
3.154457596990806678e+01
3.288107110826268809e+01
3.598414913101805723e+01
3.321183438931325327e+01
3.984512953777073108e+01
4.167093264427313670e+01
4.099182163256051581e+01
3.880021182547625358e+01
4.546104913227696898e+01
3.421277892747093574e+01
4.676872219374467932e+01
3.944129345686198462e+01
3.279425831973520644e+01
3.618493659295791076e+01
3.530653523065359423e+01
3.843736976359593882e+01
4.696729791304449009e+01
4.900371216334667679e+01
4.812943040309659182e+01
4.117264402049403316e+01
4.457163470640023206e+01
5.313687648077427639e+01
4.539300983793555133e+01
4.340328135362534567e+01
3.957157021612204062e+01
4.577851802549940885e+01
3.799413904675481035e+01
3.751042678704158106e+01
