1.531687684380035250e+02
1.490689854021205463e+02
1.719954891454230221e+02
1.437542653795074443e+02
1.506150702947789455e+02
1.431725299232497264e+02
1.610763633278513112e+02
1.473917122585643824e+02
1.481633940341168341e+02
1.491685670511379556e+02
1.692026236396833099e+02
1.249478237934817741e+02
1.701303426288443177e+02
1.395462351494348354e+02
1.401892572191840429e+02
1.615599804583550849e+02
1.499920019300436707e+02
1.444868676889680330e+02
1.642917657018064688e+02
1.391559834675770162e+02
1.492565107732211516e+02
1.613286532831786531e+02
1.545158530277818727e+02
1.493493588280715869e+02
1.611927282522012490e+02
1.652581590173200539e+02
1.713213226257119857e+02
1.519701328912501879e+02
1.457940328123656570e+02
1.454719635233596762e+02
