1.305739282058978290e+02
1.390291715302225555e+02
1.469342046065019645e+02
1.462176616081946747e+02
1.311904680836479145e+02
1.363317731711102851e+02
1.411721147237134062e+02
1.224693285929019169e+02
1.432365131750132718e+02
1.335878016575446736e+02
1.389166344206556403e+02
1.541908411139834811e+02
1.346097487877793242e+02
1.330785152433027179e+02
1.370991145948235044e+02
1.419719413776010128e+02
1.261370700028306828e+02
1.250716134442543819e+02
1.401631418302927443e+02
1.300878970828226500e+02
1.398182792884643391e+02
1.307715384890311441e+02
1.277285284763524942e+02
1.242904746419720539e+02
1.261763877132498521e+02
1.255108174386239170e+02
1.371904342209465710e+02
1.423537981322405983e+02
1.257460868261388214e+02
1.377354638839152869e+02
