1.418942742513316944e+02
1.434124960537693028e+02
1.248350320096171799e+02
1.337377739721759440e+02
1.443387339239033622e+02
1.287510975340570667e+02
1.329794182241046485e+02
1.321343739238965895e+02
1.417378733617529747e+02
1.323631183009544259e+02
1.470830948089083847e+02
1.378609344839469486e+02
1.336423720057555045e+02
1.513739637405207361e+02
1.228079595745415418e+02
1.504063470274322469e+02
1.297194614945870228e+02
1.335234490749686529e+02
1.456224834865440982e+02
1.419124297886141335e+02
1.311497015841324298e+02
1.168091312075703456e+02
1.186388842135114601e+02
1.185066192481941130e+02
1.370397323192502483e+02
1.178739866103750558e+02
1.205349347077642221e+02
1.412078544672197040e+02
1.347033605594573658e+02
1.364163230542160932e+02
