1.699593383909224258e+02
1.506317575264056075e+02
1.477734393787498846e+02
1.481269234650404769e+02
1.494187142997890305e+02
1.781057042307804181e+02
1.477783368773012853e+02
1.589360344089745354e+02
1.515011930975614121e+02
1.648002017569917257e+02
1.684892988332323114e+02
1.537171443648116735e+02
1.632449956353961227e+02
1.439999206196834507e+02
1.515096361926092072e+02
1.459338696403012818e+02
1.498589956474356768e+02
1.592782555844315766e+02
1.526889490827124689e+02
1.558837253380503114e+02
1.585762327136604313e+02
1.417582217515967216e+02
1.418508412951350124e+02
1.536217054226485175e+02
1.499973014432895866e+02
1.597388414455960230e+02
1.583624228733550012e+02
1.647803613835370982e+02
1.571166876438052213e+02
1.585766624148681672e+02
