7.755457875610099450e+01
8.423238427122140592e+01
8.999879676439590526e+01
7.852116659419883149e+01
7.284111713248935871e+01
7.343779393488350138e+01
7.594426196779082261e+01
8.633722572741564250e+01
7.152057993560055138e+01
9.420803440402343654e+01
9.543176633745338222e+01
7.405084726845444720e+01
8.205828160520289316e+01
8.466236227568356298e+01
9.005144461147170887e+01
8.686858195391477011e+01
8.704498557529737468e+01
8.708118611232424655e+01
8.156762049770236445e+01
8.580199922303091853e+01
8.493896842794706004e+01
8.100249468524282292e+01
7.689481662586484845e+01
7.725109664435558443e+01
8.066444391752526144e+01
7.482468700563808284e+01
7.657360766665186702e+01
9.807788309779886049e+01
8.925263919543846214e+01
7.634068106060615833e+01
