8.575327240950548457e+01
7.833723637739862511e+01
8.147177330653721583e+01
8.716532816897918678e+01
7.515447486692889356e+01
8.287545254705818820e+01
9.010437916612318077e+01
7.550101886073727542e+01
7.876591609478862210e+01
8.057898570451021669e+01
7.990935822571375979e+01
8.824418704672004310e+01
9.251973660276257760e+01
8.211832740135088216e+01
7.332772682826185928e+01
7.898586060543405551e+01
1.042937200417144368e+02
7.611994558424760271e+01
8.129765506034630107e+01
8.291184135083847195e+01
8.150543634574569296e+01
9.073866273604875232e+01
8.673388433570897860e+01
8.749079993584351200e+01
6.391228757036313368e+01
8.552858256968357864e+01
7.935116792969535027e+01
7.477858959411113915e+01
8.832993434991507797e+01
7.981424529544889879e+01
