1.236292916185038564e+02
1.074131332812408743e+02
1.030862232538266312e+02
1.202385121180391820e+02
1.255770675609060731e+02
1.146924139607718871e+02
1.146625086839200378e+02
1.115778041030614816e+02
1.051431963490424266e+02
9.956265672825915658e+01
1.152409476224056846e+02
1.138049161098800823e+02
1.061954784714348534e+02
1.002547872737866044e+02
1.181730502539625149e+02
1.083099620217980998e+02
1.271028700778375082e+02
1.085583479876415822e+02
1.131447759482831259e+02
1.155526105579664886e+02
1.016611658517706758e+02
1.142927350608552501e+02
1.176766710673129239e+02
1.146101018357838655e+02
1.058521920199910369e+02
1.111852315514977363e+02
1.097724611650843372e+02
1.197244016158049362e+02
1.058146730865075824e+02
1.347655877766831338e+02
