3.537739285513072218e+01
3.228662858238726585e+01
3.779337839391729403e+01
4.070454814729731652e+01
4.257651784123652305e+01
3.807426437249944229e+01
4.410679875138038142e+01
3.281932850730453310e+01
4.213850411091056003e+01
3.665423572591981838e+01
3.499218308880034556e+01
2.871071249594649544e+01
3.868755042314626280e+01
4.560090144619761077e+01
3.878946680449521978e+01
4.246553054746055977e+01
4.216951717460682403e+01
3.619159386316454174e+01
4.944317543228180512e+01
4.383788711387893500e+01
4.601949317623274283e+01
4.271217784406428564e+01
3.532843445630339829e+01
3.176418216091337854e+01
3.473649718638461081e+01
4.436085769395549505e+01
3.675922661240468869e+01
3.341502073486020663e+01
4.250732576350304726e+01
3.771392471503992283e+01
