1.105286011536083777e+02
1.085934803850400954e+02
1.216050994842048851e+02
9.573332157956278365e+01
1.160724626394598999e+02
1.146892046865726513e+02
1.057914021636901509e+02
1.160651541284499615e+02
1.149871964304469429e+02
1.225872929763708896e+02
1.191954474582095429e+02
1.075401069937699390e+02
1.026696673850353818e+02
1.151054644965623766e+02
1.240378523799858783e+02
1.049017973690011161e+02
1.136384304239714425e+02
1.187670099215830817e+02
1.076453998378479184e+02
1.009298182549453884e+02
1.138568963280378057e+02
1.128018278804726435e+02
1.033124489448548502e+02
1.164739632136317766e+02
1.108162332606055429e+02
1.109624142190455416e+02
9.652133386977294549e+01
1.100247466958883535e+02
1.130999783874133868e+02
1.141298950074987033e+02
