1.442431445091859246e+02
1.392231221036444424e+02
1.584716502304713117e+02
1.551858164770999338e+02
1.582602539571224440e+02
1.478073365993670052e+02
1.631493304632505215e+02
1.694526255114920161e+02
1.531238575093819350e+02
1.547803694769494598e+02
1.485302251132589220e+02
1.428450423363008213e+02
1.625166629317086233e+02
1.636762595686134887e+02
1.572649912206522629e+02
1.457261678850430542e+02
1.490313106021805538e+02
1.503304978574101369e+02
1.473015406528530491e+02
1.416676339061504279e+02
1.562205249089955714e+02
1.357085190619164905e+02
1.633940488361434120e+02
1.487991745631438505e+02
1.367599318388265601e+02
1.651403931907458400e+02
1.489933069603061710e+02
1.481535127552515405e+02
1.541170139749255270e+02
1.561926802067043525e+02
