1.626253319530433998e+02
1.626259552481575952e+02
1.474992787706248123e+02
1.560297820034116114e+02
1.498886233091859310e+02
1.501511596870092546e+02
1.627320042896359098e+02
1.495367947902167600e+02
1.486358153274017297e+02
1.487908983028279692e+02
1.451088897371663506e+02
1.474516347487565042e+02
1.528273362935341311e+02
1.546564970796039518e+02
1.591477703034581452e+02
1.596058095582793896e+02
1.597779977115986583e+02
1.486206194304754717e+02
1.501602780489006363e+02
1.518348728306502835e+02
1.544418597730683871e+02
1.597595923685835544e+02
1.449635828573136109e+02
1.549568632983819327e+02
1.660280659630246021e+02
1.571033817494847540e+02
1.716331397600609421e+02
1.520121268668706307e+02
1.532965655020717293e+02
1.565026602707637835e+02
