1.365690100237535205e+02
1.261368571202219755e+02
1.150096231117591401e+02
1.278068228154942290e+02
1.276815485900973499e+02
1.393069982976399217e+02
1.374187221934950003e+02
1.223888026675140850e+02
1.356724311918220565e+02
1.474480685821930024e+02
1.299864086505665171e+02
1.394799863456389915e+02
1.246475150249991941e+02
1.583227823111848522e+02
1.243514662057351359e+02
1.329350731093045681e+02
1.309093074662173706e+02
1.381758292926544698e+02
1.359696205442419341e+02
1.424566901890450197e+02
1.370466340582821374e+02
1.363902222047580608e+02
1.295663294655510640e+02
1.352053770595375966e+02
1.290188303151101650e+02
1.350977610801761273e+02
1.503369776533297397e+02
1.248161073060693695e+02
1.408428732203994116e+02
1.228551570975048151e+02
