1.167222290496695791e+02
1.121127824800137489e+02
9.414893855005254863e+01
1.042803972301510385e+02
1.031981908104423553e+02
1.238563234279127698e+02
1.266757632634219135e+02
1.045309534324997287e+02
1.160783494937024329e+02
1.125515618281630168e+02
1.104127264690912114e+02
9.377986567455644717e+01
9.966782292629338258e+01
1.096177530126062436e+02
1.066396867433533941e+02
1.088623154921297100e+02
1.167932060527323017e+02
1.326768498037747861e+02
1.064236879217199601e+02
1.187394972396906496e+02
1.117225283035246832e+02
1.264077855142179203e+02
1.231086794328372775e+02
1.018726784820411524e+02
9.738271852249184235e+01
1.137935192919886731e+02
1.167943691988932073e+02
1.134390826734624227e+02
1.037114516268667899e+02
1.019744193124717242e+02
