6.689331893965214704e+01
8.784079974457660001e+01
7.451275952365341482e+01
8.155321290430160275e+01
8.502870285447013998e+01
8.020877772743835976e+01
7.855358445554875857e+01
9.003133759069510234e+01
9.053097101326136453e+01
7.367101871388007339e+01
8.819067663251928479e+01
8.167930478041552078e+01
9.108626062377666699e+01
7.720426672853875516e+01
9.176936469339841551e+01
9.388547752517482081e+01
9.604437866771385757e+01
7.527714770692367097e+01
8.575438080434582844e+01
8.625118418904003192e+01
6.387456309984708014e+01
8.512290444242583476e+01
9.666552284902030578e+01
8.034142253016744917e+01
8.161678198242188387e+01
8.004223114192788557e+01
7.100419089127566963e+01
8.343390763246085839e+01
7.642652159210263108e+01
7.865689349021300814e+01
