1.121174368471233151e+02
1.305045079624889297e+02
1.202486285522602714e+02
1.106109872902609368e+02
1.183049957251870978e+02
1.090514403511827481e+02
1.099248191700055770e+02
1.174287205265752903e+02
1.027326857149454611e+02
1.321204850493583649e+02
1.155837141579997649e+02
1.138478315596715333e+02
1.164336783344282367e+02
1.069639601153503463e+02
1.125587750851676390e+02
1.032838122799536507e+02
1.039921208924540963e+02
1.113292100538195086e+02
1.041818634111494646e+02
1.060248279461139873e+02
1.221610406682310952e+02
1.113679792594095090e+02
1.277514861584740515e+02
1.057108605593122377e+02
1.129017860727499851e+02
1.126658085656649178e+02
1.250061008781053999e+02
1.155857896963931921e+02
1.063843517019525962e+02
1.176616183813953000e+02
