4.080696145883041481e+01
4.788808293561083929e+01
4.600580909485972825e+01
3.990753778670057272e+01
4.078704627807240968e+01
4.033259549035670943e+01
4.340346320638320776e+01
3.678055102909883090e+01
4.295942984347129823e+01
3.341732418776553004e+01
3.854359933373456215e+01
4.321009703571422733e+01
3.194229171046396232e+01
4.627127043934865469e+01
3.556468953357966711e+01
3.789503285278442490e+01
3.781995186815981924e+01
3.582071985816304505e+01
4.087700259991527219e+01
5.168890829611024174e+01
4.451963974089130716e+01
3.276296705425130540e+01
3.185444051761220408e+01
3.661626647153997283e+01
4.273440470210704234e+01
4.026926480438538647e+01
3.873543945308000502e+01
3.913772784794821291e+01
3.789496176420340134e+01
3.981484672258028468e+01
