7.658660159191776984e+01
9.547441099525494224e+01
8.920512746202248877e+01
8.310672526676401617e+01
8.458911543553767842e+01
8.516439467635336769e+01
7.709617151078776942e+01
6.658777021897535064e+01
7.844043365348858288e+01
9.168635690547549189e+01
8.767441523443287110e+01
7.801987736720886346e+01
7.284910447861409466e+01
7.248514283712017914e+01
8.288083179695308900e+01
7.534939748069314192e+01
7.124580093383815438e+01
7.519290143924828840e+01
7.713803263346983385e+01
7.284085519983796075e+01
7.344299185585907708e+01
9.273808192507169679e+01
8.529094851284023093e+01
8.499370418719874465e+01
8.754644839128408762e+01
7.425775358992959241e+01
8.717681244118855943e+01
8.164729468593151296e+01
8.368381009421324279e+01
7.981639088498786805e+01
