1.157414934838776333e+02
1.149779184235908360e+02
1.192056248941485705e+02
1.197547260304759504e+02
1.090406584641167171e+02
1.112263799113411835e+02
1.194299883194641154e+02
1.040540893692945019e+02
1.176996410027190905e+02
1.057187452173689053e+02
1.185105005385344725e+02
1.026698645178433651e+02
1.132891069850468853e+02
1.130984767744891428e+02
1.128879024462260929e+02
1.151329812875761149e+02
1.176713929258258133e+02
1.210967566426276107e+02
1.019507454394233434e+02
9.624454615074475328e+01
1.172866297063896468e+02
1.156843141839555642e+02
1.109158351216591996e+02
1.077649917708491500e+02
1.084244856662677137e+02
1.182949331825920467e+02
1.141025853575213773e+02
1.156475500805805154e+02
1.067883156941331322e+02
1.095684293631898925e+02
