1.360604115540700150e+02
1.319644870770039802e+02
1.299088121491659251e+02
1.425595043091872753e+02
1.434461757632656713e+02
1.467122334670970645e+02
1.594616336196590112e+02
1.479637234378689072e+02
1.323730496486978154e+02
1.352887219479565601e+02
1.317291300961124705e+02
1.428056504311490471e+02
1.204440099201308385e+02
1.255127805385032786e+02
1.217022010365089102e+02
1.288593483604058747e+02
1.241754421347297637e+02
1.452095489354075255e+02
1.334436104027104761e+02
1.271781932747967687e+02
1.456026152552603889e+02
1.404574231038516530e+02
1.242428858530308275e+02
1.309651167477085494e+02
1.295656811019414931e+02
1.333510668472226826e+02
1.305402110911135196e+02
1.307084604151353915e+02
1.362291755284528563e+02
1.453661793157075977e+02
