1.321078515616412403e+02
1.380397385147523437e+02
1.136820480997726008e+02
1.328685200641939446e+02
1.239767385433511038e+02
1.260845757100589708e+02
1.259617916830616480e+02
1.382489653173890076e+02
1.401949137117591988e+02
1.299223336565426337e+02
1.437969301480288777e+02
1.221392636149672626e+02
1.421373319036657961e+02
1.340281376121325536e+02
1.335570978144129413e+02
1.369259725842259741e+02
1.334393443046956520e+02
1.361815476896005066e+02
1.279016799599455680e+02
1.394060178943634583e+02
1.264874014970508256e+02
1.263097814270747961e+02
1.254129602769806127e+02
1.419742596535672874e+02
1.441871434120320430e+02
1.319719342912489140e+02
1.295339544048176208e+02
1.409306403047686445e+02
1.357837581255245141e+02
1.302884165950336239e+02
