7.763583686626876101e+01
7.445131378078687590e+01
8.481066930209564703e+01
8.329630942081374201e+01
8.515283363811556683e+01
8.043625752975785304e+01
7.314160568827131215e+01
7.514253449825662301e+01
8.672077423069492852e+01
8.955706740757713646e+01
8.184330818897444715e+01
8.348490562426408701e+01
7.217907977071172354e+01
7.832194450184732659e+01
9.022970934763807804e+01
9.139887929463540672e+01
8.751454392140658456e+01
9.439915041088670478e+01
9.451330997635679410e+01
8.488649400091242114e+01
8.650283069582360440e+01
7.239627036791796399e+01
8.477065051513372396e+01
7.571004775181748414e+01
9.403329318613620558e+01
8.312468004419153544e+01
8.446423170834222560e+01
8.088854492415106279e+01
8.782422187499130928e+01
7.642499286810607373e+01
