8.631402454602161356e+01
7.735463623883831019e+01
9.296970671380259432e+01
7.975656893022207328e+01
7.763612614664876332e+01
7.372446171028963136e+01
8.159100619858614323e+01
8.494095917215452118e+01
7.330063139363153368e+01
7.850569407401849276e+01
8.169713490165696612e+01
8.883042915131014183e+01
8.802129701020734842e+01
8.867952510247798159e+01
8.688504268535240271e+01
8.608049517841703846e+01
8.080597755821702322e+01
7.591292136455794548e+01
8.684665497538463796e+01
8.594305440547859121e+01
9.172448337448028610e+01
9.175658373541614310e+01
7.873913175171480816e+01
9.221652483299658343e+01
7.774915135308251024e+01
8.957482609573054333e+01
8.465590797006495904e+01
8.041307244403427035e+01
9.039225576563248410e+01
7.421798499527645276e+01
