1.401690635411964081e+02
1.408624348205663921e+02
1.219095615279957769e+02
1.337193227536101290e+02
1.234380165786481598e+02
1.401602468510188828e+02
1.267052684956605049e+02
1.219746689509593409e+02
1.465769215921422699e+02
1.249983836770556422e+02
1.463750085778513608e+02
1.263168537649957273e+02
1.327411611345110316e+02
1.444867026973333566e+02
1.449062403627456206e+02
1.311348995130747426e+02
1.338664959140965323e+02
1.148068882794808019e+02
1.430874341540656474e+02
1.203651798133822126e+02
1.310297672924083656e+02
1.405921646496232711e+02
1.328968444889697196e+02
1.450575313434617613e+02
1.361102161702107196e+02
1.361809902376157027e+02
1.277922257730964475e+02
1.293120233955244487e+02
1.358418028905922483e+02
1.377569146433643255e+02
