9.244849675210073769e+01
7.820205882873835890e+01
7.197469910010568128e+01
7.783047230602343802e+01
8.306965942038561934e+01
9.472837693344911258e+01
9.153042866739488659e+01
7.110707839984729617e+01
7.367531455369501714e+01
7.590859265382223953e+01
9.190032622889029312e+01
8.647962217322418610e+01
7.466742479521639098e+01
7.985248004225707064e+01
1.022215018137084428e+02
8.284828406034191062e+01
9.141947855676161794e+01
7.809332710063142713e+01
8.560298904539274645e+01
8.848426243174759520e+01
7.641580641714236322e+01
9.068891221301404926e+01
8.713192764345288310e+01
8.619579166029785711e+01
7.924208704632943068e+01
8.508799957376285761e+01
8.369930216564262082e+01
8.323577459954023539e+01
8.103268748187161918e+01
8.225803088824019937e+01
