1.537280914845002542e+02
1.574964443327097001e+02
1.633904637202597314e+02
1.654179195795164219e+02
1.603340614906387316e+02
1.643256056936059224e+02
1.418603958872544126e+02
1.635205136688077516e+02
1.619991159065181705e+02
1.496759088160243039e+02
1.592288617501854162e+02
1.460990340076122607e+02
1.509284588978027557e+02
1.592465749694599424e+02
1.620128793198390440e+02
1.498193295817148396e+02
1.556962591787555823e+02
1.507062667314037867e+02
1.389796900687008758e+02
1.591432664489720992e+02
1.567014855525637529e+02
1.501200060351329171e+02
1.536387844109422360e+02
1.568779918505182422e+02
1.462764220670505324e+02
1.725635138521976728e+02
1.589448883030852926e+02
1.512699086783945290e+02
1.697933714793297213e+02
1.660139493330732137e+02
