3.340751990052837073e+01
2.922049068185663145e+01
3.787286250823035516e+01
4.288451193272561568e+01
4.012939299639208457e+01
3.797678529469004616e+01
4.121944054230982601e+01
4.331341970198758418e+01
3.311768543204038906e+01
4.531122261323611156e+01
4.416879307419378620e+01
4.441796889070354837e+01
4.448608096016624813e+01
5.222737843992769058e+01
4.685676839292261775e+01
3.995259049185602862e+01
4.193323713791716045e+01
3.772396316601367516e+01
4.318141592605536516e+01
4.444406601502015519e+01
5.323618070596165808e+01
3.400480985095737196e+01
3.264302583659093671e+01
3.861048844443541839e+01
4.292856532469949116e+01
3.747804749155903892e+01
4.548271967975904317e+01
4.164830973103215683e+01
4.136508530098072356e+01
4.350638492351947662e+01
