4.118410718475297472e+01
4.244042162273473195e+01
4.279446615134986587e+01
4.544780207302534336e+01
4.805065754488390439e+01
4.161524292112011381e+01
3.606841286918324840e+01
5.052509477414849925e+01
4.266321472942814808e+01
3.803298475355757091e+01
3.082273609599621977e+01
4.819462111834837970e+01
3.871353841411684016e+01
3.953002511938706220e+01
4.564885050510480369e+01
3.849315702279795914e+01
5.033065582458942799e+01
4.610973347355576379e+01
4.047909833387001299e+01
3.516118189231849556e+01
3.369785425052594974e+01
4.500634826224256813e+01
4.483934608268202737e+01
3.751666093378327105e+01
4.127991412238361590e+01
5.033065564073666565e+01
4.484410855519433881e+01
4.506316450986815880e+01
4.833960121714090974e+01
4.253565355202096043e+01
