4.963303322011125829e+01
4.106988009365215930e+01
3.857602212972949474e+01
3.751073007811339721e+01
3.065907157416756945e+01
3.434556901829887465e+01
3.377497823618182338e+01
4.128425232557322033e+01
3.914406808259974468e+01
4.805268875564377140e+01
4.259601372437782629e+01
4.060544886217888916e+01
3.636948257051187738e+01
3.953845250266641642e+01
3.267599711862516187e+01
3.966270818637946149e+01
4.247149572759667535e+01
3.823811902002103125e+01
4.067158652216596693e+01
4.724412944230590483e+01
3.750529520167106057e+01
4.109611468035501503e+01
3.463757587130214688e+01
4.551902809230028879e+01
4.584108168973966713e+01
3.690818793665977182e+01
3.529554366845741242e+01
3.638235156961223993e+01
3.230085501062973208e+01
3.533084284816760601e+01
