8.661651042647267218e+01
7.125509939194637354e+01
8.563672103757951959e+01
8.712114367774449875e+01
7.757035040523663838e+01
7.717517822484859380e+01
8.246871625691559871e+01
8.668562990131502488e+01
7.717189777765548797e+01
9.209353227800602326e+01
8.274267746832452985e+01
7.752479671075064971e+01
8.903675963000065963e+01
8.068659074332475711e+01
8.542238746722023279e+01
8.818405430596217798e+01
7.391833981971254275e+01
7.944456897064563350e+01
8.225674113019104539e+01
8.568729424975154529e+01
9.480793250334295408e+01
9.296990360053558788e+01
7.926026731953621152e+01
8.137559251276209693e+01
8.484410398951828824e+01
7.907012026072547428e+01
7.837403872613950284e+01
7.634785680479205894e+01
7.715042059036312594e+01
7.570709173639454548e+01
