1.129685921507885382e+02
1.151401175769434815e+02
1.020022869108910584e+02
1.111282275581043280e+02
1.047266290851548263e+02
1.129684261766512066e+02
1.229530022076323803e+02
9.614601308191734574e+01
1.274908933258130617e+02
1.100840254513345258e+02
1.184858990987294760e+02
1.030787879418276418e+02
1.072133409421952592e+02
9.593309884445119451e+01
1.113089146713057289e+02
1.120421666842285333e+02
1.158441763364191104e+02
1.008443243299819301e+02
1.141124471943788592e+02
1.097261423021753615e+02
1.182992520857969794e+02
1.010924301444710238e+02
1.197098920580299364e+02
1.116760063960918501e+02
1.401927008566746622e+02
1.202058913597305150e+02
1.066670913626981303e+02
1.316579061193439770e+02
9.368154277073426783e+01
1.013347478468284066e+02
