3.776339199896699483e+01
3.513458991961732636e+01
4.440874147324240084e+01
3.343374949661250639e+01
4.452736501986561279e+01
3.873456512381159200e+01
4.061192263349630593e+01
3.062714924136139416e+01
4.153409822263910200e+01
4.112544992407754307e+01
4.225216910432993700e+01
3.963476926477937923e+01
4.323107035606869886e+01
3.923638492575514647e+01
3.706913600344535098e+01
3.981849530782182001e+01
5.119696820745963350e+01
4.576986130495458838e+01
4.259720617908891427e+01
4.767867563716529844e+01
3.267913425818125006e+01
4.028441228758430270e+01
3.811320024804365403e+01
3.852235118928854263e+01
4.463240904802938758e+01
4.112979051874901870e+01
3.985216436726165057e+01
4.423790702914897111e+01
3.731760745803737223e+01
3.650543298291148631e+01
