1.692672118333375124e+02
1.461060558914976184e+02
1.660084762980481798e+02
1.779289991492847207e+02
1.577346897020580059e+02
1.605657108927619277e+02
1.777261242351351598e+02
1.592938482468749726e+02
1.575720465760763318e+02
1.535153082873482902e+02
1.538469680591506688e+02
1.784139676376570662e+02
1.646385641060133764e+02
1.696795574613061888e+02
1.563562744404558771e+02
1.582071876125096708e+02
1.637618890036943071e+02
1.587215407232777977e+02
1.589750698420394315e+02
1.466284487077883512e+02
1.545071557792668955e+02
1.606832824880129920e+02
1.538965982762953786e+02
1.500902403246033145e+02
1.572358710131089765e+02
1.445584245812539166e+02
1.622972245506244064e+02
1.711084445265543081e+02
1.668657118543045215e+02
1.453898751522682176e+02
