3.661468601353425356e+01
2.962896804456210020e+01
4.783613658637591470e+01
3.878425175284434090e+01
4.348422387827289981e+01
5.197286413297877061e+01
4.317311912213949654e+01
4.537719503525477194e+01
4.260228351738140873e+01
3.693077459972022325e+01
4.501796981453315993e+01
3.602970360956169316e+01
4.891930437753620708e+01
4.128819997583491386e+01
4.208685472545039374e+01
3.981609053902593587e+01
3.568180085677494162e+01
4.042692519983091870e+01
4.426949788256700913e+01
3.445996485217011696e+01
3.727504580667374512e+01
4.570321662647660332e+01
3.346551851129146371e+01
3.724199941210571296e+01
4.242363175969268241e+01
3.472036950596844918e+01
3.595880393059962898e+01
4.368820686970610723e+01
3.189380609549294832e+01
4.447730538705792469e+01
