1.261139415615672874e+02
1.102807456190726612e+02
1.045896537331945240e+02
1.137230972763445038e+02
1.165783330254407133e+02
1.015286458632054973e+02
1.059408965133860931e+02
1.199069058878679357e+02
1.077459901369745978e+02
1.055105186702108142e+02
1.261084201118900694e+02
1.266607745533848117e+02
1.138711353545675991e+02
1.124520131302990649e+02
1.094515686894475550e+02
1.136753859251631695e+02
9.187862396224576855e+01
1.134183026971774098e+02
9.696877932110581355e+01
1.116015133288060497e+02
1.092828203490937824e+02
1.262381585419274757e+02
1.027643973623412990e+02
1.273024942946158831e+02
9.281283475832159979e+01
1.254910321564217668e+02
1.297977519640821242e+02
1.040367411520359440e+02
1.181130950325123479e+02
1.125412466673062681e+02
