7.000990241254100965e+01
7.869552817634215103e+01
8.888426844168026264e+01
7.381630060027072204e+01
8.337097503541451715e+01
9.443664872311316572e+01
8.246439064185773304e+01
7.263747584460023177e+01
6.401763708176267187e+01
7.894681251198511518e+01
7.368546833076308644e+01
6.758022006475425769e+01
8.149827694389941257e+01
8.325891769887130067e+01
8.044536981285435218e+01
8.125090077305642922e+01
8.148201450820107539e+01
8.594982750072318822e+01
9.151180866284286708e+01
7.130631792468022923e+01
6.329066546098525237e+01
8.322473244822253946e+01
8.804787515232274586e+01
7.477862893206713579e+01
7.736205023069922504e+01
8.774721098783356865e+01
8.321817232053399493e+01
8.058652266651193941e+01
7.820249076712025271e+01
8.531392008427798146e+01
