8.507827447876033489e+01
8.566926092391642555e+01
8.291502280281758885e+01
7.278910922618064205e+01
8.146459939655116500e+01
8.151877794379188913e+01
8.326341159140426385e+01
8.231772339489464230e+01
8.144309970352429673e+01
7.758694747926304558e+01
9.257918992928139801e+01
7.380235452872111068e+01
7.446071749857486566e+01
7.449665554480449714e+01
8.084839975349970587e+01
8.535089541211598885e+01
8.725527524015842573e+01
7.797034639575110759e+01
8.885967521600593955e+01
9.267973208440281496e+01
9.624629094665272078e+01
6.262491238454509812e+01
8.953624548223169199e+01
9.139302684137970800e+01
8.188794133987775581e+01
8.358135598322411397e+01
8.569893793976368102e+01
8.473652755730262243e+01
8.407521250431815929e+01
8.392795249014250203e+01
