1.453460056591289060e+02
1.483926431954945713e+02
1.658653721681533000e+02
1.392775231797681670e+02
1.461217039013945111e+02
1.482282991001517303e+02
1.586528297004529975e+02
1.621267994171986686e+02
1.566316638907567267e+02
1.446805696469456279e+02
1.589004084868959126e+02
1.429776834202494342e+02
1.558714320777159799e+02
1.654220768511594599e+02
1.303862978801755617e+02
1.487947689106326266e+02
1.550772323175980887e+02
1.487629533364331849e+02
1.364792375176099597e+02
1.501001396035663333e+02
1.551800186336872684e+02
1.726408588043186398e+02
1.710997671132428479e+02
1.612207468173838834e+02
1.536791350715141391e+02
1.442921372528952872e+02
1.642421835093299762e+02
1.475821591468730105e+02
1.630076521773107174e+02
1.561940161601249883e+02
