1.363514465636976354e+02
1.269778854313193790e+02
1.495421811905349898e+02
1.501074133626146079e+02
1.304956381373334864e+02
1.514098921347077464e+02
1.262366106941680926e+02
1.274081978997319311e+02
1.395535866699964629e+02
1.430804756148547483e+02
1.431180006498468629e+02
1.216478783517652857e+02
1.269423748178489859e+02
1.309920625921233750e+02
1.273006052251417941e+02
1.442165670225621170e+02
1.379762030434453948e+02
1.260956463096608786e+02
1.467041663706741019e+02
1.300233626676469214e+02
1.405803140102855195e+02
1.214104529061857249e+02
1.393586074000943142e+02
1.320908938333431308e+02
1.338918179404772957e+02
1.400838821521025466e+02
1.444520075464416209e+02
1.278351735649873433e+02
1.314496027281327031e+02
1.360901805795728592e+02
