1.240312095685332991e+02 4.394197810978042895e+01
1.075240811189009804e+02 4.295122861228144728e+01
1.032444813743278615e+02 4.203152651498893277e+01
1.203780965231488409e+02 4.270585355884439593e+01
1.259644588628716804e+02 4.409415711967260876e+01
1.145049127210727136e+02 4.221147222150239742e+01
1.140878423563959245e+02 4.199922715671718976e+01
1.121294688151379546e+02 4.154188885632748196e+01
1.050194805006830023e+02 4.139948938594836392e+01
1.004482677625077258e+02 4.121955989569105583e+01
1.154736565246038111e+02 4.233924856814467574e+01
1.142276503534913985e+02 4.189611810835699401e+01
1.053433062582139428e+02 4.066280469767863792e+01
1.007321782267667345e+02 4.360667979795962879e+01
1.183596211661201636e+02 4.227653432728133254e+01
1.085424783250562371e+02 4.265178491817182760e+01
1.268350181595670989e+02 4.376246657801917195e+01
1.078373487605971803e+02 4.241938204704729287e+01
1.131028087476535404e+02 4.193274185940682486e+01
1.152705509895191511e+02 4.331513145468600356e+01
1.014965421141514952e+02 4.278212759811965071e+01
1.147910234907344886e+02 4.344048788980973796e+01
1.180547917425641060e+02 4.195084161678587265e+01
1.147210149851969732e+02 4.149216260329510675e+01
1.057226090348525958e+02 4.073475778297441963e+01
1.106764630168560473e+02 4.080701256434790736e+01
1.096167899982234957e+02 4.149485729400822009e+01
1.201490127524586882e+02 4.307851681684034162e+01
1.066580510445554779e+02 4.212998154816465046e+01
1.348036818552639602e+02 4.312191161854058663e+01
