1.692783907551054767e+02 4.685090510929833130e+01
1.504547028789908438e+02 4.544370910311910450e+01
1.482155392806009218e+02 4.641251584524021467e+01
1.483324852245013972e+02 4.629331891701737334e+01
1.497075866758220855e+02 4.750192695912791407e+01
1.781087884242233770e+02 4.494456212319748545e+01
1.472103712902537893e+02 4.543557852755282056e+01
1.589373380996508445e+02 4.620283561621228330e+01
1.517010745094388255e+02 4.582073151208733464e+01
1.648613676835583419e+02 4.704996500711378360e+01
1.683175321456306506e+02 4.650558929927512963e+01
1.542682948843396389e+02 4.626458209245637221e+01
1.629837652443420382e+02 4.616597124861381474e+01
1.440257519675324431e+02 4.565084417767002378e+01
1.510813229295301028e+02 4.526338384169623907e+01
1.455294887129561516e+02 4.398846227336583325e+01
1.498097876281238143e+02 4.555626345136474242e+01
1.595672930257648261e+02 4.628818625238891826e+01
1.529428531439315293e+02 4.707926963211765781e+01
1.553213126982390122e+02 4.556228555050210360e+01
1.589850262155153757e+02 4.690235547320350662e+01
1.417353470051328088e+02 4.730189887904368362e+01
1.424464115252989700e+02 4.589775812622225004e+01
1.533612650735080365e+02 4.501286547239197944e+01
1.491004357377602219e+02 4.711138858350294356e+01
1.596801472544775891e+02 4.550136524347136202e+01
1.590625101628145330e+02 4.868188941879679277e+01
1.651503437763027478e+02 4.577617678951621372e+01
1.569526902500046788e+02 4.715195696142587423e+01
1.588960071401295124e+02 4.738747756838218805e+01
