1.097713756979128590e+02 4.107327429777333805e+01
1.082689453052925614e+02 4.233328955224104817e+01
1.215699906295018309e+02 4.239386430026687691e+01
9.539771200997685696e+01 4.134397029575343652e+01
1.157108953333226964e+02 4.399932112068005807e+01
1.141254465028757181e+02 4.009353187783474937e+01
1.059903154479409579e+02 4.080048721046836135e+01
1.157276608822807447e+02 4.230723469490376232e+01
1.145093191583896726e+02 4.099206669649075252e+01
1.225049157682278604e+02 4.252566742396341937e+01
1.195754683389367727e+02 4.479532128589764284e+01
1.076270324577902215e+02 4.235644078770076248e+01
1.026975699638174291e+02 4.221849019508874790e+01
1.146650865901629857e+02 4.306534609440885220e+01
1.239090803007995305e+02 4.238030526542404886e+01
1.051689647145174149e+02 4.125940559093101712e+01
1.125741404124027980e+02 3.941141631979952820e+01
1.188077620107272594e+02 4.185629363253762847e+01
1.068436235097010893e+02 4.183431945181974498e+01
1.008317965455372160e+02 4.108959447412542687e+01
1.139268598534269756e+02 4.364516555207666215e+01
1.131786004273619284e+02 4.292597140500350861e+01
1.034229642085480094e+02 4.302707486528009184e+01
1.161188362999369446e+02 4.154789197114905619e+01
1.104547449803253159e+02 4.207388239076631464e+01
1.106755887563395788e+02 4.012504452656459364e+01
9.687563791254135026e+01 4.166266992271390990e+01
1.101296640387792536e+02 4.330133397293278108e+01
1.128396777881978039e+02 4.365792059661649915e+01
1.139662472367822232e+02 4.277641923569531457e+01
