1.143505462718499075e+02 4.326358319410477549e+01
1.022061221415204244e+02 4.244272821183998445e+01
1.147650423981968260e+02 4.287607717826518439e+01
1.161688900453173545e+02 4.191581846813262757e+01
1.110184422338345485e+02 4.069028703409554737e+01
1.164217171205832102e+02 4.122057091570361820e+01
1.133823729365022359e+02 4.380149564013682095e+01
9.626470041079356577e+01 4.088809107450210689e+01
1.129375337050965982e+02 4.105791357140910947e+01
9.848336912298869095e+01 4.186876255693816518e+01
1.131196135370063587e+02 4.310336047788003810e+01
1.017493134516961817e+02 4.208100855657347950e+01
1.220345054423554529e+02 4.301511786351435518e+01
9.908800669141808726e+01 4.101229290439062680e+01
1.085285250162524449e+02 4.184928562436926569e+01
1.180388631924182192e+02 4.142564384000899480e+01
1.044400783083083439e+02 4.257047317147666377e+01
1.121184349892134833e+02 4.188814516975902791e+01
1.024045124131544213e+02 4.213497554411841151e+01
1.101864350585768477e+02 4.256354401779929475e+01
1.215984266998388819e+02 4.266757367186968963e+01
1.126610921052191827e+02 4.388615410664020544e+01
1.081199438243647535e+02 4.320378517184492040e+01
1.150627549846764168e+02 4.272546569572491393e+01
1.013959036691751834e+02 4.258418701463765643e+01
9.129424340720558462e+01 3.938105284298634245e+01
1.136977547782516353e+02 4.157809931810542281e+01
1.132648210505621478e+02 4.195111850625637118e+01
1.077148288451225966e+02 4.172551204227594468e+01
9.600877956788889378e+01 4.139129141019171954e+01
