1.305910360857010915e+02 4.352691379886928758e+01
1.383923496068617851e+02 4.448187407562242157e+01
1.472963938364295871e+02 4.506837746570936787e+01
1.462292030141702526e+02 4.613648538199488058e+01
1.310686366410440655e+02 4.409505656525107042e+01
1.367301513249683467e+02 4.532672614114309795e+01
1.412920419233375355e+02 4.317633088521434104e+01
1.227388488216790137e+02 4.433534434859982554e+01
1.430717826659160039e+02 4.379540824465209425e+01
1.336967829331092901e+02 4.449583195500426314e+01
1.387453582979213706e+02 4.552451740755832077e+01
1.533482023949496238e+02 4.567267596092788295e+01
1.343793673279736538e+02 4.548388767946301670e+01
1.337384484101934277e+02 4.335422965082589286e+01
1.365961693077354369e+02 4.453330420427671044e+01
1.415243458211561176e+02 4.433377167222045756e+01
1.266053131383894055e+02 4.261782698406995706e+01
1.258441255042454685e+02 4.257124541459989331e+01
1.403908106242076315e+02 4.365116007175691237e+01
1.305081659763012851e+02 4.485602090050607416e+01
1.400867168603781749e+02 4.343517455498367497e+01
1.309029981775209706e+02 4.310526554874962812e+01
1.281988589871783120e+02 4.459109645019712787e+01
1.243023293584166140e+02 4.427991470478307434e+01
1.260778495842586437e+02 4.132493395373258238e+01
1.260971520089225635e+02 4.260496345905984583e+01
1.374406640696688555e+02 4.438178732084028155e+01
1.418887845659302229e+02 4.565544706538651099e+01
1.250830684948077618e+02 4.243367006200892178e+01
1.378858374687711716e+02 4.199633416208611436e+01
