3.357305915013615305e+01 2.420618601093472932e+01
2.917155168410256749e+01 2.604544510467863816e+01
3.780710405821950104e+01 2.476869711098325411e+01
4.207332746757551689e+01 2.598147146099686466e+01
4.030999395281214248e+01 2.625403683125212950e+01
3.816719779481890384e+01 2.599157988148188281e+01
4.165206891908874809e+01 2.794384918741212331e+01
4.373629406936196773e+01 2.639603703121663258e+01
3.342412276252868963e+01 2.552966291764287732e+01
4.539355133915420026e+01 2.617636611837603056e+01
4.397526636280153411e+01 2.583045984316814625e+01
4.458580366074695434e+01 2.595117089720183756e+01
4.456147538958448706e+01 2.607207625127218265e+01
5.229004763153091062e+01 2.674870880413768148e+01
4.657284324687086041e+01 2.706004212047756852e+01
4.045358474288670436e+01 2.553997079092487255e+01
4.186840444341938650e+01 2.708708144505248328e+01
3.801770064955912432e+01 2.597927469354365115e+01
4.351024564576497511e+01 2.436261870377002126e+01
4.461572574112636858e+01 2.594908936249160192e+01
5.354549433063068165e+01 2.659735296029740681e+01
3.371245681042285014e+01 2.684013288968630562e+01
3.294667898269347006e+01 2.523650572057861297e+01
3.837681860816883272e+01 2.470000068624879574e+01
4.312303021049275742e+01 2.467405409933936866e+01
3.759492141890822836e+01 2.522122063078839815e+01
4.559667728910637408e+01 2.725608984102271393e+01
4.219793580283170797e+01 2.475537635113794366e+01
4.107911676204162887e+01 2.685048017601483750e+01
4.346718854279965427e+01 2.606491615168543419e+01
