1.264221393694591740e+02 4.373994905893419372e+01
1.101687651596992339e+02 4.194035162693621999e+01
1.044429396677645201e+02 4.268068487246884501e+01
1.141323519380582923e+02 4.198186423184285587e+01
1.162502624202878678e+02 4.154594954794912809e+01
1.010154022226418533e+02 4.147459384638307966e+01
1.056104133331782009e+02 4.268381572711768257e+01
1.203535772774021098e+02 4.191784015539750641e+01
1.078830932941799574e+02 4.291241833528145122e+01
1.052807966141195806e+02 4.252257967165445507e+01
1.264823310012039030e+02 4.423575411403689372e+01
1.265519081935020438e+02 4.209501538543406696e+01
1.138767050231569016e+02 4.499488827416895731e+01
1.128693806771806152e+02 4.170591618535608802e+01
1.094357298987665956e+02 4.240729868955886417e+01
1.133922796270910709e+02 4.243772223754200468e+01
9.176557759234280809e+01 4.094510232357063728e+01
1.139735190621266412e+02 4.367518466313269698e+01
9.694384042193370021e+01 4.207391530810579638e+01
1.118151733268843486e+02 4.272696158501126007e+01
1.088604549615097881e+02 4.156910526992177779e+01
1.265085413663822038e+02 4.507990614002978447e+01
1.025034232954463249e+02 4.152430435945991860e+01
1.267097491996983933e+02 4.380458889351568530e+01
9.365292305426186203e+01 4.265419270794088646e+01
1.262414136607666535e+02 4.181875997519736643e+01
1.296616390848488152e+02 4.322340709203812992e+01
1.045201538888704675e+02 4.340017434091719650e+01
1.183592309224644907e+02 4.103825844169743675e+01
1.123143688369947029e+02 4.365108542987036344e+01
