1.162944009325201336e+02 4.221262454255963803e+01
1.151621253163457084e+02 4.360694401501251605e+01
1.193965195353341784e+02 4.311654727855539448e+01
1.192135043517170487e+02 4.271169879737954744e+01
1.083338207065742438e+02 4.200554279960478254e+01
1.112038768367150396e+02 4.170453791997441328e+01
1.191479259213406152e+02 4.039433318948699281e+01
1.045702448102171900e+02 4.218658438026628232e+01
1.179684034310304099e+02 4.232382818688403603e+01
1.059438748484077593e+02 4.155629799072735864e+01
1.190258655280054114e+02 4.309936772977288655e+01
1.033985460457598720e+02 4.257376764348881437e+01
1.129967952923518908e+02 4.133166229836592009e+01
1.134999873881097869e+02 4.072337899809708262e+01
1.133473662368481740e+02 4.053919566660464824e+01
1.150548266425835209e+02 4.279737563873662509e+01
1.176218047010134740e+02 4.173081532786929415e+01
1.215591900756415242e+02 4.374393034213279918e+01
1.021571079496214338e+02 4.251927014930834048e+01
9.641064961035803549e+01 4.132374794346132774e+01
1.174677700212308196e+02 4.385628807473172941e+01
1.160836738303315769e+02 4.137082819601291561e+01
1.108019255698686436e+02 4.158627294397889784e+01
1.072561979350952726e+02 4.263134044618221452e+01
1.089676306089945825e+02 4.234263538875966759e+01
1.189955437113378878e+02 4.366142371658599330e+01
1.133697926354608967e+02 4.271337390706777626e+01
1.156492083783677600e+02 4.363286854124303460e+01
1.066364243895349517e+02 4.240427521491197638e+01
1.097780687342836359e+02 4.174011009545130690e+01
