1.424566429486550305e+02 4.549172379345212391e+01
1.397149473075327535e+02 4.592048937837328992e+01
1.571325685189806052e+02 4.608890216497842829e+01
1.536630787170831525e+02 4.545500718157083497e+01
1.582313486076506592e+02 4.448689685818791162e+01
1.478934653569607178e+02 4.591777033183750234e+01
1.629646399667100809e+02 4.748685969712236243e+01
1.690102855759292027e+02 4.592958003221725249e+01
1.525903491879037688e+02 4.643507392731795846e+01
1.545205916416949208e+02 4.602659427312769935e+01
1.482308147701705252e+02 4.478878986458182965e+01
1.427089515294558453e+02 4.399104862148312378e+01
1.625513988617886412e+02 4.768759317922617669e+01
1.630096118510294048e+02 4.649279764100550949e+01
1.575524325515755493e+02 4.474445787208163239e+01
1.457447265264061400e+02 4.668617401641574105e+01
1.473842822601997398e+02 4.404408355857464130e+01
1.497119470558366174e+02 4.396276258613039545e+01
1.481320921131964212e+02 4.596681161920988501e+01
1.414313427959562262e+02 4.432808009371797908e+01
1.559368603764936552e+02 4.616993517259791702e+01
1.349612881473387915e+02 4.608542886075795764e+01
1.632253095420560669e+02 4.792099200020057026e+01
1.479864714460065329e+02 4.620752086664175096e+01
1.371264868327153295e+02 4.501216052831889414e+01
1.648540500149681236e+02 4.684693883834829364e+01
1.493865281234471070e+02 4.671263270694826275e+01
1.484313353408810201e+02 4.705346464456045652e+01
1.528316054941506366e+02 4.506499620704337872e+01
1.547859168462784112e+02 4.671647922245176687e+01
