1.134189333285992234e+02 4.242632955197784383e+01
1.150135523663999351e+02 4.355968830972182104e+01
1.023409661759958027e+02 4.079004586497279661e+01
1.105975418853606840e+02 4.196786578910120369e+01
1.044548540038586424e+02 4.245000719284273316e+01
1.140143131800300154e+02 4.236080993484796409e+01
1.226087335676334362e+02 4.441042512740659731e+01
9.613338064620553780e+01 4.267186317809812124e+01
1.268816332541096443e+02 3.984887887034765441e+01
1.104775280685342835e+02 4.050879774103367481e+01
1.178928351944499866e+02 4.277038530206396416e+01
1.027607076246528095e+02 4.295578433317133715e+01
1.076696061422348976e+02 3.953619168809628803e+01
9.546649120610292982e+01 4.202315744681659027e+01
1.117527139827964078e+02 4.158961426658650140e+01
1.117942808449085277e+02 4.158639525629968148e+01
1.156457683355326935e+02 4.264660908717273458e+01
1.008022954740407044e+02 4.259467248177460874e+01
1.137856769695086001e+02 4.117603386360400464e+01
1.104207920894236281e+02 4.276976310714209006e+01
1.182941006912845410e+02 4.253245841517365022e+01
1.018848938618213111e+02 4.196855213610317037e+01
1.195805417519662086e+02 4.107101254775241728e+01
1.116684840948291821e+02 4.052973450419729318e+01
1.397852453824420138e+02 4.447529016832525173e+01
1.202903256209970664e+02 4.241371300354060736e+01
1.064620370310415325e+02 4.170454638114886592e+01
1.318396535710428736e+02 4.197179933774321370e+01
9.326511663276248498e+01 4.052783165511074515e+01
1.010706886529926294e+02 4.334404700328103388e+01
