1.627297310584627041e+02 4.654752675968202880e+01
1.624467786514928207e+02 4.699958063911531525e+01
1.474308858836684522e+02 4.618479831609409558e+01
1.558845942168772751e+02 4.749836180957111509e+01
1.502117337266898573e+02 4.654391871104145650e+01
1.508297882318792915e+02 4.799737593372847755e+01
1.629077525536133919e+02 4.636529331953961020e+01
1.492792172041982894e+02 4.654959345727584719e+01
1.491411062877984079e+02 4.734916061469412085e+01
1.484100951404177806e+02 4.737614906357931943e+01
1.443712201900950163e+02 4.553417143217259877e+01
1.478962346889055368e+02 4.427308496810489657e+01
1.526281710504510158e+02 4.741189016679587809e+01
1.551065082382982609e+02 4.803992621634632343e+01
1.596838368993579991e+02 4.595475936191766664e+01
1.601895869511144213e+02 4.562513901901435531e+01
1.595683018042478807e+02 4.704847093516780632e+01
1.483153623057302184e+02 4.475519973078191072e+01
1.503098334383634267e+02 4.538949935227861232e+01
1.514604647299492228e+02 4.516023133063640671e+01
1.540926025056187143e+02 4.759772255225673376e+01
1.604398615049072134e+02 4.541655153623150198e+01
1.450866507209367455e+02 4.601739095988569517e+01
1.547838089293832979e+02 4.749617371715764591e+01
1.665809145445648483e+02 4.600915052832166197e+01
1.576319938946690513e+02 4.639228506371696170e+01
1.704182242096918571e+02 4.947082710109657455e+01
1.519426170270941725e+02 4.513844145319021095e+01
1.537982772406303411e+02 4.616687315519230594e+01
1.567199603301446302e+02 4.636190476634215685e+01
