1.059360376537645436e+02 4.104312233772413521e+01
1.159630208401532201e+02 4.127610270067241771e+01
1.178973370424732110e+02 4.195053161289666832e+01
1.069990961634316022e+02 4.090120313369717309e+01
1.106921987438899038e+02 4.240721853420090781e+01
1.201092296336929763e+02 4.280699878869424424e+01
1.198776585493181130e+02 4.151552427314833693e+01
1.240775534413385941e+02 4.302768428763216946e+01
1.114909490359344346e+02 4.281413677143255114e+01
1.038800449820962513e+02 4.121261400958665888e+01
1.196726559540861956e+02 4.394559563771537825e+01
1.145216431691302432e+02 4.257647057427337245e+01
1.071059277284936684e+02 4.247092871622286481e+01
1.148010960007164698e+02 4.269973847406054546e+01
1.110083902718541964e+02 4.107133840094925858e+01
1.006764410689352047e+02 4.192210259634968850e+01
9.647029009259398435e+01 4.236473366687251740e+01
1.126422332139835021e+02 4.206571602139946009e+01
1.210477789749628386e+02 4.342828035155238098e+01
1.000220328941339574e+02 4.153369602123665061e+01
1.107074225090982793e+02 4.249361329968412093e+01
1.070721089625456841e+02 4.032580368622178923e+01
1.275811471972780708e+02 4.134926185009293675e+01
1.145014962051274949e+02 4.139249019517321670e+01
1.154986387304256965e+02 4.263183095910099496e+01
1.022529932661139611e+02 4.310887393866688910e+01
1.125641452734989088e+02 4.194053756704663982e+01
1.088735785082195378e+02 4.186942066432503395e+01
1.046786960671532967e+02 4.304634115825506058e+01
1.106796278545836856e+02 4.207049488830999451e+01
