1.403339319939487666e+02 4.556391401164363941e+01
1.567185964364891504e+02 4.651244055754333573e+01
1.527048427446351582e+02 4.532406706154760201e+01
1.555456210531412751e+02 4.791922904658697746e+01
1.615333940416907410e+02 4.621176510521132030e+01
1.749305613241558888e+02 4.713554840525038969e+01
1.595726984126704622e+02 4.587779609499377642e+01
1.570387284565938444e+02 4.646188816882614958e+01
1.570929005146729196e+02 4.488420397932194561e+01
1.527581112761795055e+02 4.801648219843723098e+01
1.635541293956130744e+02 4.655866084761611035e+01
1.557060478658490297e+02 4.518565485502224988e+01
1.503239454987299268e+02 4.579160275048259621e+01
1.582852372960654463e+02 4.451766514209109715e+01
1.373651673321525095e+02 4.506586359847315748e+01
1.354892164750891368e+02 4.581815286115281793e+01
1.540794012885818631e+02 4.489170173462878211e+01
1.693047101006380615e+02 4.651538759071202378e+01
1.589295004780900058e+02 4.769195079659714054e+01
1.488088774336090694e+02 4.836151362309868063e+01
1.514569682307678704e+02 4.636505668592114660e+01
1.594627094560824787e+02 4.560365302522711062e+01
1.636521719313713845e+02 4.796016568323969409e+01
1.612585801544946094e+02 4.511247806420837492e+01
1.551652360727480016e+02 4.704406114966222674e+01
1.421635932520553354e+02 4.595712547685734251e+01
1.700591635946945530e+02 4.667827136890293360e+01
1.729006833091311250e+02 4.818917044994797294e+01
1.628811731832842327e+02 4.561994939475464861e+01
1.564989440889730474e+02 4.599012333103286210e+01
