8.648471008587418396e+01 3.696160838899848500e+01
7.102686030367738113e+01 3.533113170143256809e+01
8.556227556738851092e+01 3.821225295026147961e+01
8.672371101575242847e+01 3.780288771767548184e+01
7.748687732524811622e+01 3.755058614337582412e+01
7.798451109461025510e+01 3.599428182930262921e+01
8.256731527683751892e+01 3.559057740638038325e+01
8.638757684723174179e+01 3.730719492157428618e+01
7.710100114607341482e+01 3.629207636737923082e+01
9.191718658197670777e+01 3.876701441233014833e+01
8.241758873190171641e+01 3.802274972735817471e+01
7.808614266816249483e+01 3.623327852812187899e+01
8.917352103495424842e+01 3.909101526796398929e+01
8.059215452107390831e+01 3.766679859035781419e+01
8.520636083836716068e+01 3.712412605824368228e+01
8.774843169056484271e+01 3.669956378900707961e+01
7.454421531361498410e+01 3.756768216752740841e+01
7.885898686039026018e+01 3.655772464520427434e+01
8.197341569192137456e+01 3.858958899626548344e+01
8.604398008412532306e+01 3.682549931657671749e+01
9.480649913834361087e+01 3.707845867264446582e+01
9.282756579243421413e+01 3.550001075367410408e+01
7.926012727883386333e+01 3.572489069317207822e+01
8.139602819537104494e+01 3.574634264654974913e+01
8.419780819283749906e+01 3.572092810736507573e+01
7.955081668501216541e+01 3.683292420945646484e+01
7.869449943430628025e+01 3.481594021033956921e+01
7.653023685498982331e+01 3.780922101044571804e+01
7.755510997132208217e+01 3.694715900347271997e+01
7.571783712491321694e+01 3.629910024897221632e+01
