7.714374054491423749e+01 3.694606604944743822e+01
7.271670487951271866e+01 3.556159822625286893e+01
8.439610774908210544e+01 3.609707340060596437e+01
7.807589974895978457e+01 3.624052001595067907e+01
8.315651976549469282e+01 3.704363118522896769e+01
7.962130039432994977e+01 3.530099430338940181e+01
6.922720185198802767e+01 3.746595268971839232e+01
6.996790268107413624e+01 3.478172018787051201e+01
8.643196266433804453e+01 3.722725072999012497e+01
8.821226672237510513e+01 3.738812440013671079e+01
7.473564521133572214e+01 3.725067428576748796e+01
7.808816712648550151e+01 3.703872199016556976e+01
7.069451710187004778e+01 3.492908023082345181e+01
7.560142799018061055e+01 3.795684220803838116e+01
8.527734804949083980e+01 3.681570577593980431e+01
8.853568853201926458e+01 3.649486115442340406e+01
8.231031417156707164e+01 3.791862824495431283e+01
9.237807847905473579e+01 3.841317109399132335e+01
9.018382778060204430e+01 3.857900065553154434e+01
8.559467386267174049e+01 3.665066080117733094e+01
8.460650530819478377e+01 3.719030605095555586e+01
7.085509619912072310e+01 3.506326278910446348e+01
8.466035123860297062e+01 3.750328039988598761e+01
6.877090894329847970e+01 3.496744189768975986e+01
9.579124014886851057e+01 3.552999753678582096e+01
8.012572110171642237e+01 3.666604448353027124e+01
7.900160429971026588e+01 3.622521084837067207e+01
7.950819221441605578e+01 3.632408798772360115e+01
8.596993662623478372e+01 3.732722951517393994e+01
7.473254798214237837e+01 3.509636398243645772e+01
