3.575031858689943931e+01 2.679280650990764201e+01
3.216579241493307961e+01 2.686534235614188049e+01
3.820252288941062346e+01 2.489350350999167105e+01
4.091121067352559493e+01 2.683538404517596732e+01
4.231876428035531035e+01 2.719368039444628948e+01
3.882903447687493781e+01 2.686933759394169741e+01
4.384379318792689872e+01 2.503473149013145971e+01
3.281817299325794579e+01 2.615533636083392466e+01
4.104806047945013603e+01 2.566525281065199948e+01
3.668963444087982140e+01 2.623644787268552037e+01
3.444265048260595563e+01 2.498241684219491532e+01
2.811620494969356088e+01 2.529030990266873502e+01
3.859005321628773544e+01 2.582924566971838587e+01
4.563840240109207258e+01 2.525777400105810599e+01
3.900451883458489277e+01 2.400224910517721355e+01
4.242759919573384053e+01 2.416763461625254905e+01
4.203528551855858097e+01 2.601743617894365102e+01
3.604265398497673800e+01 2.626459536916051718e+01
4.971908698873441068e+01 2.650668427214807110e+01
4.338757645777886296e+01 2.637717236183186742e+01
4.626528233829638026e+01 2.810481294167769661e+01
4.206648867217788990e+01 2.665500289620915453e+01
3.501655953489347439e+01 2.641630030507919713e+01
3.164040395974107511e+01 2.589511871643384922e+01
3.548385029234636079e+01 2.750725105724101383e+01
4.416722173756151193e+01 2.598351187796299655e+01
3.650047854533312375e+01 2.672763018574670468e+01
3.309553525966921939e+01 2.521655511370323666e+01
4.303450679360776121e+01 2.623000745092525676e+01
3.788225821865274412e+01 2.478939095925614566e+01
