1.369022406744515479e+02 4.568314809400918364e+01
1.276104125987813802e+02 4.304047996915396368e+01
1.496798807563972957e+02 4.389533517933253393e+01
1.488451724001525918e+02 4.512936507945762088e+01
1.305115497032593623e+02 4.446917024614080560e+01
1.512208259651559956e+02 4.529258238553342863e+01
1.262065435359348555e+02 4.587210684763116575e+01
1.271397152402211219e+02 4.421879835711954598e+01
1.391425642452938121e+02 4.576769205514904115e+01
1.427569341985342533e+02 4.459460189209090686e+01
1.432744051543364208e+02 4.553520507515928273e+01
1.212599571479610603e+02 4.388510740085854422e+01
1.274268101756772467e+02 4.436746296535970657e+01
1.306224728377400481e+02 4.340670383242512997e+01
1.272825560931476474e+02 4.420386757532225630e+01
1.440171587622186564e+02 4.569685452687131999e+01
1.374955277060014112e+02 4.444798004218184673e+01
1.263161011549817800e+02 4.468771371063616016e+01
1.461512630490637719e+02 4.389706113653813446e+01
1.308587552301841015e+02 4.828414998538770675e+01
1.405872754568217431e+02 4.420503115629936985e+01
1.217509306615593800e+02 4.234838656805739987e+01
1.391408052861798694e+02 4.430814056103697141e+01
1.315103010972885045e+02 4.362632259020843151e+01
1.330594142503191506e+02 4.562606484915245630e+01
1.393743001888430797e+02 4.364101480025460944e+01
1.443939114944308812e+02 4.485590164215823705e+01
1.285715888337984723e+02 4.658711742995104288e+01
1.314522616645107576e+02 4.288287448493912279e+01
1.365321344499119220e+02 4.374813964068047767e+01
