8.572381899511380254e+01 3.719186530754573283e+01
7.795404459993140733e+01 3.656926766908621573e+01
9.291083391063604324e+01 3.705645907636669989e+01
7.984526356678104264e+01 3.651050264103590592e+01
7.763178723963035566e+01 3.812695816737536347e+01
7.372094701950494766e+01 3.604281213953690610e+01
8.128764506110196919e+01 3.724893716695651591e+01
8.479942010792659346e+01 3.602130087687386606e+01
7.350120528082058513e+01 3.611018413719907016e+01
7.831092002111347483e+01 3.414771818223943711e+01
8.063272132824265270e+01 3.747077622310693812e+01
8.836508739086245612e+01 3.602329885005734411e+01
8.812568608737264242e+01 3.576027115560584235e+01
8.946948130357341711e+01 3.783536487846813401e+01
8.744195328507477427e+01 3.543674361478475276e+01
8.571774186086304326e+01 3.554965259161070179e+01
8.038700680534593346e+01 3.713552067415487556e+01
7.588349396508949951e+01 3.671273801562811911e+01
8.671699276573531279e+01 3.679508329019817126e+01
8.623719162801178584e+01 3.491761705168613616e+01
9.192546310172733115e+01 3.586904292851711773e+01
9.156095844893405911e+01 3.756521926035549086e+01
7.881076704352402373e+01 3.716491270014454074e+01
9.219484991457650835e+01 3.842565164670322986e+01
7.803460112993882092e+01 3.696966483118882252e+01
8.903092201968695463e+01 3.630429559488100466e+01
8.457431466466172765e+01 3.662920461050245535e+01
7.966865201775513583e+01 3.645433635737871469e+01
9.066906547191941002e+01 3.755684808547712805e+01
7.422104433246211386e+01 3.711793830700053576e+01
