8.396484300718424265e+01 3.701804711426359518e+01
8.597821994023338732e+01 3.662715039620806579e+01
8.230358878633393260e+01 3.713875698383067459e+01
7.125434968785150147e+01 3.608602791711600588e+01
8.029109302509941415e+01 3.644698760127371884e+01
8.147546313424065545e+01 3.783116770965116871e+01
8.305241048344967680e+01 3.615856169288068145e+01
8.206335829426802775e+01 3.628562023873416109e+01
8.128643855496544290e+01 3.639460117214178325e+01
7.842091509593421961e+01 3.739126397765381427e+01
9.194197326697792505e+01 3.800906373992934562e+01
7.487718854398140422e+01 3.699951529782745041e+01
7.457306685460885376e+01 3.795266716715020294e+01
7.115416134013794647e+01 3.786076306324832075e+01
8.082901023980269883e+01 3.626604634259678051e+01
8.480578753555263916e+01 3.784919264660896232e+01
8.770153842755344442e+01 3.652052863121509318e+01
7.806632247501369193e+01 3.645071738684986684e+01
8.961065344830502966e+01 3.681503395641361465e+01
9.061851546193625495e+01 3.605002825290721091e+01
9.445755320331069527e+01 3.820719748290088091e+01
6.095657826127261814e+01 3.686832173284999215e+01
8.970980612215991812e+01 3.596407589993584253e+01
9.112618844363019832e+01 3.640824775405496183e+01
8.104213324798682549e+01 3.857430926912117997e+01
8.318022957901018799e+01 3.630146325703607602e+01
8.552790585376284582e+01 3.771208936983541093e+01
8.415755231686637217e+01 3.603475404325910603e+01
8.413800528341005247e+01 3.749511990196583611e+01
8.452671341574948372e+01 3.716639821792436038e+01
