6.729148244839117865e+01 3.704081469081562261e+01
8.734580502331476737e+01 3.760996185272683334e+01
7.386397198294443456e+01 3.621852108077597876e+01
8.121396011056630471e+01 3.574002890434007185e+01
8.411975766804835075e+01 3.668058929195677820e+01
8.009654176272334780e+01 3.612093062801770316e+01
7.852297102106651039e+01 3.598627369460097469e+01
9.003752451144886493e+01 3.676767319697595582e+01
9.017375413827265618e+01 3.674531751286415471e+01
7.427301358173517087e+01 3.804386608986089868e+01
8.880051601233175518e+01 3.733794174184822623e+01
8.181367669873824866e+01 3.515997633330314187e+01
9.123214678013027878e+01 3.731141857321433264e+01
7.682346795797202788e+01 3.566511687787661344e+01
9.163019920874552326e+01 3.713617015147060130e+01
9.422993239508508623e+01 3.909423981938042658e+01
9.614086417251748173e+01 3.756868200846821537e+01
7.551170210975712394e+01 3.690680353737068486e+01
8.576373432697047861e+01 3.729649395792736755e+01
8.698205282192209609e+01 3.863388750055075604e+01
6.371525429554926490e+01 3.443593047324068834e+01
8.461328388676933798e+01 3.703336772781702280e+01
9.708553962865723008e+01 3.895641242048332487e+01
8.000528383685842471e+01 3.691041347667253802e+01
8.111257722689865091e+01 3.707035083783773644e+01
8.020913246463855728e+01 3.805767766489159953e+01
7.070952914805968703e+01 3.548715154727265286e+01
8.312183015690774823e+01 3.812974990018022936e+01
7.603119032667004262e+01 3.536522058216338849e+01
7.837200411925712729e+01 3.482843672428685977e+01
