1.364206597589964929e+02 4.529232884376393287e+01
1.317564114501166728e+02 4.267310654734520625e+01
1.299959173588366639e+02 4.337558093467117715e+01
1.418580766681022851e+02 4.410427240631867107e+01
1.436253989167252882e+02 4.391827970285542904e+01
1.459641643913340943e+02 4.434677569193701174e+01
1.598333108536454006e+02 4.574325978810248472e+01
1.482164198936948480e+02 4.485543221522011947e+01
1.320968825576963468e+02 4.477186759087032186e+01
1.351182748267369220e+02 4.600250030773442944e+01
1.318720404027305904e+02 4.415433536999113784e+01
1.429725642073100573e+02 4.451691236148489139e+01
1.204571814660444460e+02 4.382988588364271720e+01
1.249215826907183953e+02 4.490716643691276744e+01
1.215372545622638256e+02 4.201363239075249822e+01
1.290632032429693083e+02 4.397192916084593151e+01
1.243602270136894958e+02 4.286166921692205278e+01
1.450852288531115732e+02 4.541889338991811798e+01
1.338203008039100439e+02 4.338211937638894256e+01
1.270619960367883152e+02 4.455849882632649184e+01
1.459393082367625141e+02 4.511280226629715884e+01
1.414974705639952504e+02 4.656519350206707486e+01
1.243558585490222583e+02 4.410024976927456919e+01
1.303734247960298944e+02 4.357762932624113716e+01
1.299492412298089619e+02 4.275947413384422191e+01
1.331561624179010437e+02 4.423914969024298216e+01
1.307701656115573883e+02 4.356058345871862514e+01
1.308908460173049093e+02 4.404294855324430813e+01
1.354525647436693987e+02 4.635804509904328796e+01
1.458569599390234259e+02 4.412347693222005063e+01
