4.384980646504816804e+01 2.641928976641829863e+01
3.806703568676482519e+01 2.665729577695703156e+01
3.139226780174278986e+01 2.436049735937310601e+01
3.293854111913258720e+01 2.686650146949032703e+01
3.558252320031471783e+01 2.459416577163008100e+01
3.274276251516378977e+01 2.505327431838341212e+01
3.998446342456603730e+01 2.483051632434774447e+01
4.160115527928840606e+01 2.381957421913676498e+01
4.071507203189872826e+01 2.631454956262682998e+01
3.890557595141039826e+01 2.707197039470857902e+01
4.552813925772370851e+01 2.630399700630610837e+01
3.417688766231169950e+01 2.597077487804751428e+01
4.657611663952223324e+01 2.530982447437170180e+01
3.946070386128734953e+01 2.444856350141270340e+01
3.289442571499855461e+01 2.511685033140831180e+01
3.594669825539150310e+01 2.499575159069378927e+01
3.489567291427031392e+01 2.524393999203047656e+01
3.837645894484121811e+01 2.451677531505508867e+01
4.694710476057419157e+01 2.686250278842988948e+01
4.884128307041503803e+01 2.739171604280681294e+01
4.846248368345452207e+01 2.655151363736539594e+01
4.105328006976233723e+01 2.522544775077685486e+01
4.423368978085964187e+01 2.628462270303959514e+01
5.332900682636415723e+01 2.849307846669830013e+01
4.547031063178732069e+01 2.484860267751319540e+01
4.304118399359015967e+01 2.563154199347039608e+01
3.989016414027204149e+01 2.967860360026058686e+01
4.625030288070241369e+01 2.467010416712446741e+01
3.830059957506310298e+01 2.726988705606595076e+01
3.766962818679373015e+01 2.578180760174482344e+01
