8.536533362151057247e+01 3.823041454843430387e+01
7.794681190511725788e+01 3.585378595692043291e+01
8.152561075356211973e+01 3.660192426757593154e+01
8.761289443495201112e+01 3.540824593758615180e+01
7.503715359069265389e+01 3.669501438875314392e+01
8.270982863352298864e+01 3.688834550748976682e+01
9.036412103114331273e+01 3.550279106093391590e+01
7.634069663746439005e+01 3.524992889336228785e+01
7.824553989969365375e+01 3.796856397281889883e+01
8.045892250181263705e+01 3.601692409008290241e+01
8.001127437618184501e+01 3.499169691090533973e+01
8.802903670656985469e+01 3.589606093190898406e+01
9.234857433604520338e+01 3.785445721166245647e+01
8.241137757366907124e+01 3.644835842752722499e+01
7.381995101466091569e+01 3.664025831061351823e+01
7.912868286314385102e+01 3.670821090542877130e+01
1.038077050806280397e+02 3.896327463484641385e+01
7.659851554829570830e+01 3.592900098843922052e+01
8.094331734243026233e+01 3.652246585176352767e+01
8.272202083531310279e+01 3.712611323275537956e+01
8.153245837999639889e+01 3.709548004552242162e+01
9.116233577903001617e+01 3.849462987679169856e+01
8.735313119366253432e+01 3.688059932665341023e+01
8.690929451794431770e+01 3.511547991717866068e+01
6.361634602780027592e+01 3.581141758567746081e+01
8.527047215480848763e+01 3.594393337494656748e+01
7.936096607370863865e+01 3.665158946269341556e+01
7.419987609943332529e+01 3.532977728355207603e+01
8.851902322028314529e+01 3.783743836478727474e+01
8.040867768750226219e+01 3.631915175738572543e+01
