1.403210278131166149e+02 4.374412915423858550e+01
1.400867423441336257e+02 4.654457352347991161e+01
1.221402419378627826e+02 4.459340042363940171e+01
1.330119696870309269e+02 4.378357424586737068e+01
1.231725878059638717e+02 4.425767288743251981e+01
1.394308812617885280e+02 4.485575120004358496e+01
1.264088530274355833e+02 4.553830340879846972e+01
1.218144245525692071e+02 4.487400454621620582e+01
1.453518021213974691e+02 4.322199834667876672e+01
1.246964749650428104e+02 4.435339943149982389e+01
1.465984396169453134e+02 4.438257580097047139e+01
1.265520027359305715e+02 4.336350375956456560e+01
1.327481814671745894e+02 4.456157633612434665e+01
1.439275940538372254e+02 4.421945317197468484e+01
1.449598101520716682e+02 4.462441110301563185e+01
1.308232328851675277e+02 4.213406938428985882e+01
1.342115088954430462e+02 4.410756154141038365e+01
1.142323994419781030e+02 4.395543248712256457e+01
1.435668872042180908e+02 4.398699015906975518e+01
1.199416721406805806e+02 4.191028416692532232e+01
1.319038466156794414e+02 4.559894961415194103e+01
1.406898329644310763e+02 4.479827946509907122e+01
1.333058629729239328e+02 4.466441839936091185e+01
1.445909948384996540e+02 4.505215133114018755e+01
1.357886977514952207e+02 4.465141716537582539e+01
1.364966006618060987e+02 4.237402849323004972e+01
1.287454565479160067e+02 4.642380641303671496e+01
1.293759915063872086e+02 4.529870787772276230e+01
1.364101948282264516e+02 4.360417669715082667e+01
1.373074090028123351e+02 4.436325034169399117e+01
