1.679690175005826802e+02 4.707071426741718767e+01
1.405188094525094016e+02 4.549855037990973727e+01
1.482206370448971029e+02 4.551034176937707088e+01
1.633892484249766994e+02 4.741644385986523247e+01
1.495086127067463622e+02 4.717852715830137811e+01
1.569586223125724871e+02 4.483666691448689789e+01
1.594926732873062178e+02 4.619034217433036815e+01
1.610648128657622067e+02 4.577429160494214244e+01
1.472392395957305951e+02 4.596582290851482355e+01
1.489715000002796330e+02 4.600298790086227996e+01
1.468644049717353539e+02 4.600829891343666844e+01
1.474132579227427584e+02 4.646112747936679455e+01
1.438869880057559669e+02 4.611237561745432600e+01
1.507762417697497597e+02 4.524524493948015902e+01
1.662345986437728129e+02 4.594460844899840879e+01
1.574118003661967862e+02 4.717662627457454505e+01
1.514501410947367219e+02 4.695313866084738663e+01
1.551968179349761385e+02 4.697573699974752515e+01
1.514643579968519589e+02 4.738305437276272869e+01
1.794394689106006524e+02 4.541160882327179138e+01
1.456707282048853642e+02 4.554988525209789429e+01
1.494544421928090401e+02 4.781719252511776119e+01
1.634922918871905893e+02 4.664406645792190886e+01
1.512856396101037717e+02 4.638275940618961357e+01
1.715132172120327141e+02 4.736170048359727502e+01
1.465619004749629539e+02 4.517085754848415746e+01
1.734528622431408849e+02 4.691176505805348995e+01
1.433747698675421702e+02 4.656376687394087099e+01
1.609982875455472424e+02 4.459323670194238076e+01
1.392117807851485338e+02 4.722245731295380722e+01
