3.795069071826145546e+01 2.585663660367030658e+01
3.487300661768101406e+01 2.480986413394894541e+01
4.453392305363670545e+01 2.672221389403732061e+01
3.343941878673587809e+01 2.603938863396217229e+01
4.465152089583816775e+01 2.704469357964812914e+01
3.874580891945723238e+01 2.564111942395702926e+01
4.037354026291267672e+01 2.693235950720295691e+01
3.036228411987547204e+01 2.430103669165271185e+01
4.162978484526466616e+01 2.561491560182543381e+01
4.107180927516991176e+01 2.562800839693435151e+01
4.233074375997668426e+01 2.584241865245763137e+01
3.954273998035451854e+01 2.574823337876621210e+01
4.291546221831613650e+01 2.635368864875080064e+01
3.903505577765584178e+01 2.475309855627064337e+01
3.667471550117353729e+01 2.575650246557935574e+01
4.008150178733014002e+01 2.611195832513313064e+01
5.160019556502129490e+01 2.527494669446736353e+01
4.634907291597397005e+01 2.804729903971291449e+01
4.237651480367468082e+01 2.518903606051224742e+01
4.786868616579413782e+01 2.692433179597179205e+01
3.258712750236809796e+01 2.666986093779998512e+01
4.033215962739077298e+01 2.513349089040104900e+01
3.811088904543627365e+01 2.685184717232604967e+01
3.843812550543333373e+01 2.594242829382787363e+01
4.431105935959494957e+01 2.554198902650866643e+01
4.139685642556458589e+01 2.665671138880572144e+01
4.008063333100932368e+01 2.547698818974093982e+01
4.419298288329887470e+01 2.498197686790115313e+01
3.746692479088675753e+01 2.668827914771566512e+01
3.676027867407159277e+01 2.482253535192907989e+01
