6.978343807510232466e+01 3.711502606834140749e+01
7.825650851688868670e+01 3.740471881828576528e+01
8.864483002837917525e+01 3.684814506779076737e+01
7.346220248717726520e+01 3.426617717170748278e+01
8.314067734770526386e+01 3.642886127603296131e+01
9.433548754491363297e+01 3.691146574313985695e+01
8.256260944897809395e+01 3.650606956267021985e+01
7.237401395196165765e+01 3.666583584526767225e+01
6.397164694302894361e+01 3.695807048962438301e+01
7.873937922590484106e+01 3.704113769486331620e+01
7.318514347855075641e+01 3.567646252234779780e+01
6.736736287313431149e+01 3.601649828796983144e+01
8.151808922345711039e+01 3.582106672448075813e+01
8.359400477988847911e+01 3.741436857459994059e+01
8.023872963912972978e+01 3.648903962360892450e+01
8.085061430610076627e+01 3.769077716214076901e+01
8.148398320501935643e+01 3.596777904113973534e+01
8.585085809680279567e+01 3.719892660092907732e+01
9.104986677366036929e+01 3.706624628255352150e+01
7.097068916411768669e+01 3.604417365418473196e+01
6.264034358279688774e+01 3.603775907352459740e+01
8.312069758715531975e+01 3.623716543910325072e+01
8.665065352602417192e+01 3.783537682483895281e+01
7.454549169906886164e+01 3.616158894319855222e+01
7.715164403265789872e+01 3.540588573413832307e+01
8.794500157776242588e+01 3.619957715879943549e+01
8.361354108201327051e+01 3.780624354142209143e+01
8.081720952176219441e+01 3.828609119740823985e+01
7.774277429099240067e+01 3.721300436988850180e+01
8.569217717660249889e+01 3.817113073221673858e+01
