1.204125353210651781e+02 4.294828696734986551e+01
1.099281104566896516e+02 4.130729887517662746e+01
1.128324936920832187e+02 4.138945014154572988e+01
1.096365199117818889e+02 4.273483319136010294e+01
1.036680213410471225e+02 4.305513683677585846e+01
1.096028642009462004e+02 4.333853779099813153e+01
1.117734361229432238e+02 4.141609025784883613e+01
1.011101840639861820e+02 4.208942440746913860e+01
1.125515409697927112e+02 4.122589307438196471e+01
1.159062632236994119e+02 4.384762965154018843e+01
1.292475037403106342e+02 4.487100466562376511e+01
1.059684682435552077e+02 4.371501900487355385e+01
1.100763438338495774e+02 4.319588291419945136e+01
1.198684436713680554e+02 4.274403722643754833e+01
1.134875029439781855e+02 4.158292368314029375e+01
1.105931089973969108e+02 4.139305588240897293e+01
1.225502583858421559e+02 4.253689664626352851e+01
1.137349489648302523e+02 4.176446777148643008e+01
1.145600182749937517e+02 4.123437749291707632e+01
1.125423758196370017e+02 4.320038540111782055e+01
1.252789205566349864e+02 4.289503674378678966e+01
1.155030221777004016e+02 4.366778332627252013e+01
1.036511335399562626e+02 4.213173660845268387e+01
9.334690297832831618e+01 4.349914152011356094e+01
1.214522721564117376e+02 4.251147941490121696e+01
1.239433357162593836e+02 4.241644460458685728e+01
1.085504210930626385e+02 4.115462615121619905e+01
1.156916119009176214e+02 4.247833099809092516e+01
1.223640113726932981e+02 4.243619190173978950e+01
1.171358399654494065e+02 4.366560260865128384e+01
