1.338137352869341612e+02 4.569247825739943636e+01
1.385593001827044475e+02 4.435783782134784303e+01
1.267271712139958311e+02 4.335398499339732581e+01
1.434026956333860880e+02 4.379895663255854998e+01
1.489274921308689841e+02 4.638719096575518819e+01
1.226797648880960594e+02 4.544300892485375698e+01
1.411068311588005031e+02 4.374257262449711448e+01
1.259303502440186975e+02 4.462996061328269803e+01
1.280226252422623929e+02 4.402347476399055637e+01
1.120862720744181473e+02 4.336920799841328034e+01
1.418583928391851146e+02 4.437032520011769776e+01
1.418579403430677814e+02 4.221839532675791418e+01
1.299215909277416188e+02 4.217193782080748576e+01
1.312761851107512996e+02 4.319259284158487588e+01
1.220983485941592193e+02 4.577442714125876222e+01
1.383280527626702678e+02 4.445897657920053092e+01
1.391734759695079902e+02 4.390801373552597653e+01
1.253830027298140806e+02 4.487923677451231441e+01
1.407466841230948376e+02 4.410891098846266800e+01
1.494291757619411101e+02 4.463538891687676369e+01
1.300454279780194042e+02 4.378831118600150063e+01
1.295768220869609593e+02 4.445343513605777019e+01
1.346226511594932163e+02 4.477584152139007045e+01
1.561597211578945519e+02 4.624622069520884082e+01
1.432790111505668733e+02 4.514960297879849804e+01
1.231826933705998641e+02 4.303499717604548636e+01
1.370582544242053018e+02 4.401082010804730515e+01
1.323957809053610504e+02 4.683084203290587055e+01
1.391977734549571153e+02 4.480904260136095729e+01
1.224723648223983758e+02 4.302715408236268502e+01
