1.656705236237921497e+02 4.646884785181072886e+01
1.462769770522785393e+02 4.651613565487874524e+01
1.644220736914472241e+02 4.820126352455017837e+01
1.738784813770754738e+02 4.886837852520692138e+01
1.562018124357480815e+02 4.621092304392357164e+01
1.601732878605803876e+02 4.500549405751156229e+01
1.760105587363897541e+02 4.765254495924423139e+01
1.581354183022346831e+02 4.762662548598424195e+01
1.573404828503383328e+02 4.504192635325076566e+01
1.534997519846224066e+02 4.633563272496585483e+01
1.534651292970507939e+02 4.400971051716184945e+01
1.773964842534553839e+02 4.626816007863515523e+01
1.629059792566413023e+02 4.631543096943542537e+01
1.684900888675946362e+02 4.665236944801158359e+01
1.502260766830912644e+02 4.491077964523390165e+01
1.556919368008191213e+02 4.429774859212704996e+01
1.641233704841452550e+02 4.583528819686210909e+01
1.570600966797935314e+02 4.581384960797372941e+01
1.578053473539761740e+02 4.623018554915113754e+01
1.443453029637975362e+02 4.391643474504903111e+01
1.538510976430632127e+02 4.503394437115987614e+01
1.589867927231361762e+02 4.543316765239386967e+01
1.517519916737705046e+02 4.603863956135656821e+01
1.478090709703890582e+02 4.601225340236575079e+01
1.553015709804413973e+02 4.532401560588090206e+01
1.458975433361507612e+02 4.600077586487555692e+01
1.599931022857626317e+02 4.590549627250751286e+01
1.691953640263776038e+02 4.712006468579095753e+01
1.662647378019279643e+02 4.724506068225966260e+01
1.459249714670863796e+02 4.533620339967973933e+01
