1.356065094847996306e+02 4.536175104833791494e+01
1.286927239737123614e+02 4.513729314222933908e+01
1.287298959314464923e+02 4.396383636380714677e+01
1.350228470926506361e+02 4.497742556414039683e+01
1.318221547905429532e+02 4.539153876721788095e+01
1.413339396155681413e+02 4.677216507064179041e+01
1.283391033692930421e+02 4.388956028476142279e+01
1.297342828892823263e+02 4.364246568287391170e+01
1.401334497928909286e+02 4.473312739476085653e+01
1.486186856125108022e+02 4.434473330428691185e+01
1.347565074870560693e+02 4.595863254043334223e+01
1.400103651282565806e+02 4.422137379638088106e+01
1.357943464486813525e+02 4.412565099875750008e+01
1.317507819566650653e+02 4.333509323075499964e+01
1.344957099963786789e+02 4.452407812793074982e+01
1.421646243513771424e+02 4.485910088502100024e+01
1.283370529461734861e+02 4.386527258672632712e+01
1.524374752538469124e+02 4.564776944516063395e+01
1.318639673612395882e+02 4.418779550313951887e+01
1.292609036656774890e+02 4.350868786096540219e+01
1.192004457078252244e+02 4.617264679881937894e+01
1.365691688399923578e+02 4.382596606707418374e+01
1.316722319351233637e+02 4.410049246479299256e+01
1.475265598531382523e+02 4.604214517184724542e+01
1.292292245544773550e+02 4.236949827784732747e+01
1.414072165676186614e+02 4.494479934172182567e+01
1.186600552631959715e+02 4.328776839953966515e+01
1.159014904100748709e+02 4.350213611514670475e+01
1.223288510286181747e+02 4.465429492834413594e+01
1.333636117792587754e+02 4.148307800695972247e+01
