3.817165504321072689e+01 2.556337761736455860e+01
4.069278410768513510e+01 2.753640284764494339e+01
4.148517199792978261e+01 2.524030809536163389e+01
3.258837469501519735e+01 2.587763208882013899e+01
3.605395792860668536e+01 2.493430732100445013e+01
4.126877026749237132e+01 2.723303835319360644e+01
4.679219298733001864e+01 2.745127232671942963e+01
4.681137836777368477e+01 2.753424552716286300e+01
4.804063755280835579e+01 2.757619106663110387e+01
3.807552625617609010e+01 2.475395307811832524e+01
4.086541150838447578e+01 2.546037171129820109e+01
4.071807053243267660e+01 2.592972419031090681e+01
3.636698539585924550e+01 2.475598875792706366e+01
4.002833739404268698e+01 2.704651181754628553e+01
3.967951144984424161e+01 2.660065501550704425e+01
3.517665712502910935e+01 2.514244289719140113e+01
3.779894287815965725e+01 2.523373566257779643e+01
4.156152165517545427e+01 2.617073646495971317e+01
3.846011620633917261e+01 2.754730582712092257e+01
3.915012917734815545e+01 2.504995842787646154e+01
3.894569735328001769e+01 2.787865489797550822e+01
5.224001810313769312e+01 2.748202394177458174e+01
4.483574318307721995e+01 2.711228274693378637e+01
4.354638010728544373e+01 2.564720197747932673e+01
4.002542019574782017e+01 2.491654253699727661e+01
3.859740795133910041e+01 2.669555024104678509e+01
3.916098366611184645e+01 2.389197661614454660e+01
3.970422825363676367e+01 2.555950232676100953e+01
4.427376164382729229e+01 2.680806942109059676e+01
4.738048075927795821e+01 2.494242030226174478e+01
