1.366258736933905027e+02 4.228637258245489505e+01
1.269255270438785885e+02 4.449337346266221260e+01
1.162417456898478747e+02 4.371669591533564869e+01
1.278861366254830898e+02 4.545696285639026257e+01
1.280544078055656882e+02 4.475877429233511151e+01
1.389517533083462126e+02 4.477863102772867876e+01
1.372397912289005149e+02 4.572490840834424120e+01
1.217857838236913324e+02 4.290755422107037731e+01
1.351532454350811463e+02 4.406010139699341721e+01
1.478562927195469001e+02 4.270682765427706329e+01
1.292704840080118061e+02 4.326853043981185465e+01
1.389983609716097135e+02 4.431788910881036259e+01
1.236590791413124890e+02 4.544406130841750979e+01
1.586617879395967350e+02 4.649312467809736660e+01
1.246182056231487536e+02 4.420911146274909953e+01
1.340250503325618752e+02 4.354454311429085323e+01
1.311864927864701826e+02 4.327860081061884756e+01
1.374541793581480533e+02 4.352288287961945912e+01
1.355572074492409342e+02 4.411594416983630396e+01
1.424553784420970146e+02 4.557404898073568944e+01
1.362403848368323054e+02 4.392113586772151734e+01
1.366463893833496854e+02 4.401594907372675891e+01
1.293928067101551278e+02 4.417924783379150711e+01
1.354347035435873181e+02 4.540044541845721682e+01
1.288650231490163094e+02 4.485956697504143875e+01
1.351769852298577064e+02 4.272634390968346452e+01
1.508346402559033947e+02 4.407376453746834244e+01
1.250773896979706166e+02 4.456436367778420049e+01
1.409701854928197520e+02 4.449393686443698215e+01
1.230600186869499026e+02 4.306706062240045441e+01
