7.632006608282578952e+01 3.790973392876800574e+01
9.559003004022467564e+01 3.785899639651253068e+01
8.875260134077204555e+01 3.688088882454127315e+01
8.305112366381258937e+01 3.611810329029257360e+01
8.414912925489269924e+01 3.569434433705725951e+01
8.518263032421923242e+01 3.610094002386112066e+01
7.673074151628181028e+01 3.660758893244459955e+01
6.732060337944744788e+01 3.497532603867306022e+01
7.887019322532250953e+01 3.856507206498464768e+01
9.155953635488278053e+01 3.620600936326069075e+01
8.786177852589817405e+01 3.557795164938686838e+01
7.784981799991342655e+01 3.804006098549920267e+01
7.266283707665397174e+01 3.618434193715109615e+01
7.239338654488255997e+01 3.904598833578812389e+01
8.318137154084216434e+01 3.512696441186010787e+01
7.574592470920688925e+01 3.670455713043435964e+01
7.128420775301536594e+01 3.689446292649337522e+01
7.542076029997139131e+01 3.753176764885636629e+01
7.733773729997771795e+01 3.580668227827501937e+01
7.269210769955790852e+01 3.618154928207965071e+01
7.342506051859761840e+01 3.682826135932953804e+01
9.295628386038747237e+01 3.843086347755393462e+01
8.528637882061536857e+01 3.814031971078784267e+01
8.410984715601115624e+01 3.816504319472004880e+01
8.709133865852271583e+01 3.754414612778448657e+01
7.435534307042371438e+01 3.559366800652703944e+01
8.715336404437084639e+01 3.732301778280311311e+01
8.116470559859232026e+01 3.586411695813048084e+01
8.413863430872346783e+01 3.736062802590646470e+01
8.060788287835771371e+01 3.719215112504313936e+01
