1.118832986229497948e+02 4.234921575312962005e+01
1.304375198994534628e+02 4.229342584541466010e+01
1.208740681620816417e+02 4.144744744298208872e+01
1.097624766663501532e+02 4.358911053860006746e+01
1.168740153188251156e+02 4.372828978468994876e+01
1.088840426050985997e+02 4.243255893755191721e+01
1.105329137056539537e+02 4.223502180557672858e+01
1.173463523711886722e+02 4.227761225303738257e+01
1.020027857398506228e+02 4.023422596320862255e+01
1.322495901175771849e+02 4.405654721546409291e+01
1.158426138849951315e+02 4.229846774092120398e+01
1.130204961068725709e+02 4.323726630014040495e+01
1.165773430927356031e+02 4.170098664258784282e+01
1.069773378864917674e+02 4.208336544836415527e+01
1.125124554172501661e+02 4.191108023576200736e+01
1.033027968339565064e+02 4.266214944930135999e+01
1.039247291291300712e+02 4.015850533339872896e+01
1.110382057161509692e+02 3.956129057946555605e+01
1.041500884309616879e+02 4.260915285313684109e+01
1.056461472714752432e+02 3.993405629669554457e+01
1.222454439903805508e+02 4.197376772879692908e+01
1.110441400085292969e+02 4.230105272529827687e+01
1.281112829097239967e+02 4.229131905774461586e+01
1.063314580143841397e+02 4.413513865387552215e+01
1.122088551523479367e+02 4.315566182648744586e+01
1.132681520510532920e+02 4.359508704611291563e+01
1.248402654710530584e+02 4.290570975298802381e+01
1.153484901737213590e+02 4.250726135056414989e+01
1.065306320517409091e+02 4.150063848484628437e+01
1.181040592729561922e+02 4.113962652778372586e+01
