1.412365572241619986e+02 4.413843923984521211e+01
1.411681448469151690e+02 4.378452799206898760e+01
1.196445674271262192e+02 4.403036779506869891e+01
1.273028301572474419e+02 4.277518448869451362e+01
1.389108744484002784e+02 4.484485211803941240e+01
1.237439647071042401e+02 4.369228863074006597e+01
1.265567496867503934e+02 4.260089009287793971e+01
1.300717380495523514e+02 4.370052676977750394e+01
1.379293642068011820e+02 4.188003212004784359e+01
1.300094919612907631e+02 4.585576493465377723e+01
1.462311600087018064e+02 4.450127945303241006e+01
1.327798120770432888e+02 4.264315563859760516e+01
1.343561851979232529e+02 4.279416482278855938e+01
1.428631227225769180e+02 4.390024889170550182e+01
1.217128554137264445e+02 4.378665627755407996e+01
1.455644268897148379e+02 4.453459297774966075e+01
1.254566671882994484e+02 4.579707085904951924e+01
1.274194826554043516e+02 4.188897890145300806e+01
1.398931542743997056e+02 4.537644233325715959e+01
1.363566021812319775e+02 4.437633595059085678e+01
1.246458452127633194e+02 4.312458545457550230e+01
1.167294120324842623e+02 4.256442799542708144e+01
1.126319270868850140e+02 4.273586375606232224e+01
1.183989614590520034e+02 4.369008216324701266e+01
1.337755259669662564e+02 4.376430718040556656e+01
1.142557303490245317e+02 4.309599628444054531e+01
1.208126261055130470e+02 4.445634476310377892e+01
1.352775281646686665e+02 4.482886823057219772e+01
1.277380630177399610e+02 4.437137064347615478e+01
1.326723731080923301e+02 4.371431266628099621e+01
