1.566123167050291443e+02 4.553152255417199967e+01
1.550880256789762086e+02 4.552129602797155883e+01
1.712493828060733279e+02 4.512763386465968551e+01
1.576661863994672501e+02 4.616596149581731368e+01
1.581332709766065818e+02 4.790151731595281603e+01
1.626218738770722325e+02 4.646044494066236297e+01
1.400276851581834592e+02 4.524681538237243217e+01
1.724397590695608642e+02 4.744329316661761453e+01
1.554890140699167205e+02 4.614623962186789186e+01
1.484897634153770412e+02 4.506663581057102164e+01
1.642776788537219943e+02 4.705993008680660949e+01
1.495455155261759614e+02 4.529981185520595233e+01
1.585012313175696477e+02 4.695182867437291208e+01
1.597550889635003557e+02 4.606729907990331441e+01
1.558347020512034078e+02 4.879867675227577450e+01
1.347857049335630961e+02 4.637488965968566390e+01
1.565978759032106211e+02 4.710635203761578538e+01
1.554987465097813413e+02 4.513468291859106785e+01
1.703873985440385468e+02 4.742718069460339336e+01
1.425453027660731493e+02 4.626345726192479191e+01
1.565311351053975102e+02 4.516917431937685024e+01
1.599236938626275446e+02 4.579041631441339888e+01
1.557213793279882168e+02 4.575026189600003335e+01
1.550685845466644537e+02 4.732754290218570503e+01
1.307599709009506910e+02 4.445383167953182380e+01
1.280357195382726445e+02 4.695291094294208278e+01
1.624898456463751302e+02 4.661274923822028171e+01
1.541494927016921395e+02 4.568992176089355439e+01
1.599417177452373267e+02 4.679671286815988651e+01
1.474433811157858827e+02 4.544943530526632713e+01
