4.098249820065827009e+01 2.493598542253895900e+01
4.831598234622476440e+01 2.682856883129182535e+01
4.624804147105161434e+01 2.609649636432478914e+01
3.982935355926674248e+01 2.470715528261594685e+01
4.069334974452677756e+01 2.628970734340341764e+01
4.058301233511215855e+01 2.524799214936298242e+01
4.363424685008941850e+01 2.599068997432090811e+01
3.672819215631231060e+01 2.503181059001076392e+01
4.312147287067112700e+01 2.528354881299252099e+01
3.349051228939079294e+01 2.432922993519262178e+01
3.895802107042948137e+01 2.713312790150452969e+01
4.322469482666109997e+01 2.818693850449922778e+01
3.212393343373210541e+01 2.534796811978086239e+01
4.600932814539873306e+01 2.534136744288006682e+01
3.533006051239105005e+01 2.438851526178729756e+01
3.780495936148664526e+01 2.409976328565110038e+01
3.773527762712931377e+01 2.613497867642437811e+01
3.622191947213853780e+01 2.503025563060539227e+01
4.082168872686547445e+01 2.795759894979211069e+01
5.136679455716518561e+01 2.791810366499675666e+01
4.461973208985249073e+01 2.888874578525294368e+01
3.308211836982543730e+01 2.556379985524178622e+01
3.158398837084468269e+01 2.717713397124413532e+01
3.653407058788040018e+01 2.563985932269032730e+01
4.306015844527212266e+01 2.521536173591766072e+01
4.022314823700281750e+01 2.526407209770488649e+01
3.902219899277552173e+01 2.643098892545604528e+01
3.888982497302643537e+01 2.524305660806780338e+01
3.737139599160421710e+01 2.515729963403905245e+01
4.033053949211626588e+01 2.649365563947398883e+01
