1.540866049291855120e+02 4.549814751655465273e+01
1.573055819584544395e+02 4.690996629977342991e+01
1.632606952257055184e+02 4.592368623296337660e+01
1.653721650388802971e+02 4.736392122805392546e+01
1.602333920460314403e+02 4.746486095335301059e+01
1.639689231263236877e+02 4.676276735901019066e+01
1.422645723699711482e+02 4.594407887066611806e+01
1.638724617679745847e+02 4.796581873593499523e+01
1.616925328676385902e+02 4.612288038570292770e+01
1.495740466158885624e+02 4.649508945512818769e+01
1.580555328254542644e+02 4.644783526120593820e+01
1.459864290039868138e+02 4.657193460052594958e+01
1.512031887328016921e+02 4.601888007979410844e+01
1.587237148607095492e+02 4.631812996567357033e+01
1.622438361312261179e+02 4.613366681205945241e+01
1.487445528350682764e+02 4.536022111015319780e+01
1.559339201933761387e+02 4.621986407409367104e+01
1.505992162523260447e+02 4.740153553940739073e+01
1.392357024413457509e+02 4.672850597649817672e+01
1.592810060341072926e+02 4.510154018071958859e+01
1.560922804737265324e+02 4.671875895394491351e+01
1.503141840615384695e+02 4.639783480027831786e+01
1.542752147181643068e+02 4.566549320178307170e+01
1.567059990165385841e+02 4.604508647673733179e+01
1.463427902645627228e+02 4.705257629802746067e+01
1.725847270709344059e+02 4.604093334114138969e+01
1.591610148254765704e+02 4.646117448266987537e+01
1.510973726797301993e+02 4.457737073776155512e+01
1.705315813559529659e+02 4.681072134943940455e+01
1.664171894685851498e+02 4.499397555361838386e+01
