1.137676996036830133e+02 4.146655340337959927e+01
1.081536003231078382e+02 4.142074545209720071e+01
8.786043732951486618e+01 4.095602369466947579e+01
1.010753559264697827e+02 3.930908146807320236e+01
9.983610098015114431e+01 3.956524593120523292e+01
1.203864879224365296e+02 4.467472092354002200e+01
1.216511979081381583e+02 4.222462468885468212e+01
1.031259615207972899e+02 4.079190408473826324e+01
1.128201671558411334e+02 4.335444666801124214e+01
1.122818303901933774e+02 3.957693262318520766e+01
1.099170366918217212e+02 4.251209956896590825e+01
8.489749332889466871e+01 4.059351036501605137e+01
9.826230547516699687e+01 3.952298959999755112e+01
1.095350740899720989e+02 4.337714445276651531e+01
1.026517517412104183e+02 4.192601445591047593e+01
1.071833380429261808e+02 4.068936367877569182e+01
1.123882990501853101e+02 4.240962858802365076e+01
1.285471682046224942e+02 4.363483640188878354e+01
1.021495616057478912e+02 4.169933268805070270e+01
1.105286954831943405e+02 4.102645831727055281e+01
1.076681431455866402e+02 4.079384882574106541e+01
1.190313018286612845e+02 4.134846053819661904e+01
1.223431352490917732e+02 4.365193887253664684e+01
9.669871431128171935e+01 4.166296373874871506e+01
9.510791265285334362e+01 4.092191656147096523e+01
1.066329676992954205e+02 4.010652924688708509e+01
1.098752172148529951e+02 4.188840787458178738e+01
1.085372240947283586e+02 4.303988350373456484e+01
1.024921486589922495e+02 4.146303989704593818e+01
9.908680444426555312e+01 4.033682618789074326e+01
