5.158872307505594534e+01 2.757520208615664359e+01
4.593195938360197772e+01 2.549229915859817552e+01
4.450479923421108452e+01 2.736543318595215624e+01
3.969509854930456783e+01 2.745002893607087557e+01
3.191701978629320635e+01 2.487664374734074713e+01
4.407987801046380838e+01 2.612241285409474401e+01
4.437655438511939821e+01 2.603674484751499207e+01
3.850285695704409505e+01 2.642488944025163278e+01
3.916158038554305421e+01 2.632828262079245718e+01
3.963344075547921364e+01 2.320424524445982328e+01
4.061321423826240817e+01 2.433614370934541071e+01
5.520271367742098789e+01 2.774279561698159213e+01
5.204068233537124399e+01 2.631460290926569456e+01
5.052530995681266290e+01 2.654833846276135390e+01
3.860288109983962812e+01 2.664146132132555067e+01
4.618432325160725327e+01 2.646637706530423273e+01
4.028865944923942521e+01 2.389344678645433362e+01
4.281943403350236110e+01 2.580382073158229161e+01
4.757863143288342656e+01 2.604154166188332198e+01
4.445055088443532298e+01 2.774710847803611458e+01
4.519614150282566811e+01 2.528994394317621186e+01
3.867302412581896931e+01 2.798485619823398451e+01
4.676366605292472656e+01 2.718642970881002441e+01
4.297287097437235559e+01 2.598272659178125821e+01
3.956818227278411371e+01 2.832808439596534811e+01
4.573327877743348324e+01 2.639512917320438845e+01
4.735386829438137823e+01 2.653398120236653313e+01
4.146123864056776398e+01 2.586373220074259649e+01
3.569804674468799277e+01 2.755973704090499155e+01
3.242418839104315964e+01 2.488898681612087316e+01
