1.485398280350438256e+02 4.460612416721637175e+01
1.411429367241445050e+02 4.568724818876256677e+01
1.387297014871605541e+02 4.449219518160366960e+01
1.436087377315051015e+02 4.426534684532022368e+01
1.280118768491638832e+02 4.280665822949912069e+01
1.266438610823329753e+02 4.520241972482189396e+01
1.395976816295795686e+02 4.560765626973072528e+01
1.425979859061008881e+02 4.515493560526714134e+01
1.408494999751590342e+02 4.373116459626272956e+01
1.403761601053190304e+02 4.428074698628405770e+01
1.397228623741730473e+02 4.432799741924768711e+01
1.324934030783001901e+02 4.429006408092932645e+01
1.270206667860937841e+02 4.362233738675465133e+01
1.468614196195111674e+02 4.521905632182038914e+01
1.277141771084848614e+02 4.294588340440613905e+01
1.511306316960261995e+02 4.465910106100917432e+01
1.114411448094551957e+02 4.299795229402669605e+01
1.327227033918390475e+02 4.368883632614208778e+01
1.354300847932553040e+02 4.428714062042371324e+01
1.434041269938188066e+02 4.723425769249609374e+01
1.431069243248577152e+02 4.418894556091859727e+01
1.205070391005240396e+02 4.516032908711406435e+01
1.224908880938397004e+02 4.310416394799152329e+01
1.256582499134293016e+02 4.331203099007809243e+01
1.312043751326368977e+02 4.430254923573380665e+01
1.321015314609780091e+02 4.446209078291288819e+01
1.638822148209539478e+02 4.659310535796287667e+01
1.463692818739876600e+02 4.425604849048983169e+01
1.403561422303451707e+02 4.488403318259734220e+01
1.328797273741335232e+02 4.653084310028127391e+01
