1.441235985612093486e+02 4.476349179990247507e+01
1.464892656035801224e+02 4.513962042189505297e+01
1.682283406217420065e+02 4.467932611894894279e+01
1.363010074733062140e+02 4.670481630669399919e+01
1.437909037387676392e+02 4.439708351009166165e+01
1.360789204469717788e+02 4.489129302388109011e+01
1.581999091291519051e+02 4.574645073785627147e+01
1.458437212405591481e+02 4.620020280100970922e+01
1.394072990034421764e+02 4.595820055517820180e+01
1.432261915222412938e+02 4.595942591083243656e+01
1.660421375376697881e+02 4.701629567248477315e+01
1.211099992110112709e+02 4.471023119316684813e+01
1.699690324947253828e+02 4.662193509277457082e+01
1.375056844280414907e+02 4.353958345882925585e+01
1.371536470568802315e+02 4.370429662125836501e+01
1.654272832002236839e+02 4.457502612568364242e+01
1.446256484351393965e+02 4.626415727025507607e+01
1.394165842650299965e+02 4.492845978284050545e+01
1.606950749474152929e+02 4.590017452236148188e+01
1.365515875400561470e+02 4.625993037848071765e+01
1.436660029284921052e+02 4.512488394511152023e+01
1.540358701903726910e+02 4.469321161364396744e+01
1.487015392730992289e+02 4.609840140275142772e+01
1.429022236406111972e+02 4.405284110706062961e+01
1.638443078459411311e+02 4.493942057853032424e+01
1.543829671067614413e+02 4.600553639479736745e+01
1.642771437967192867e+02 4.465878720191936679e+01
1.468033569928609268e+02 4.527053013216698218e+01
1.438756557294139213e+02 4.396534846488230386e+01
1.392102763245195263e+02 4.625747145446977981e+01
