1.453905201209358893e+02 4.514637796028952010e+01
1.483385867088921373e+02 4.533752770142857003e+01
1.660777709631736911e+02 4.860763072733237067e+01
1.399857607464897740e+02 4.478944194926857136e+01
1.465779903975447667e+02 4.603637753014630363e+01
1.487552086752369576e+02 4.728015391354426811e+01
1.584023532933387628e+02 4.679126686386370437e+01
1.620151553604768537e+02 4.619341475477830272e+01
1.563923013069972683e+02 4.648813336177444455e+01
1.443150821484190089e+02 4.387705081076388325e+01
1.587909816028191869e+02 4.499014150401630019e+01
1.426898438642402311e+02 4.672039785343611840e+01
1.556610238241722755e+02 4.631806841587600587e+01
1.642946345357281643e+02 4.579741872967574068e+01
1.307800913091660107e+02 4.613098173850686123e+01
1.489299762864381194e+02 4.523130867081843576e+01
1.547308268434436513e+02 4.625232338751638395e+01
1.488960287350166141e+02 4.505244010153044343e+01
1.369250207805563377e+02 4.422369543644923340e+01
1.502761845472228117e+02 4.462234173039929175e+01
1.546703185487934036e+02 4.547434179642352348e+01
1.727199966386749566e+02 4.674703017502096714e+01
1.716905463736823094e+02 4.755201677196259169e+01
1.614068229539324193e+02 4.667472014200924235e+01
1.538209084746309827e+02 4.525881442914134567e+01
1.439886666811649150e+02 4.485209583856881466e+01
1.637976604192256218e+02 4.894258403890816567e+01
1.471300320250325626e+02 4.489543865312396775e+01
1.631865391481093468e+02 4.706137398468789002e+01
1.558315174028762726e+02 4.710680440573389660e+01
