3.519392282028824326e+01 2.638859218967542120e+01
2.936999310519798811e+01 2.558452326878982674e+01
4.622683623751956361e+01 2.609270724243590323e+01
4.117237554506275643e+01 2.409425158983443183e+01
4.205797727658429608e+01 2.350367333889966659e+01
5.257433007964985450e+01 2.734778558996349673e+01
3.975811104659116779e+01 2.582760222408863271e+01
4.195790763441153359e+01 2.668540616475691607e+01
4.175059899706040767e+01 2.498678985415430631e+01
3.468783206335602642e+01 2.679277157008595367e+01
4.387011058966223231e+01 2.733177521923957798e+01
3.369368784853601539e+01 2.543787275051267471e+01
4.606573010565361415e+01 2.753831771284271923e+01
3.935267380872716814e+01 2.516696158742198719e+01
4.237419386087641726e+01 2.428810892746149008e+01
3.858621789981405925e+01 2.667548819451406317e+01
3.456111699719426866e+01 2.577242066703986012e+01
3.916552884799415324e+01 2.620968283100455665e+01
3.967100267371186817e+01 2.761694453662261850e+01
3.623295798315130867e+01 2.613361476903221714e+01
3.539172848059654086e+01 2.599026577691854101e+01
4.313401565685992978e+01 2.531958166125911802e+01
3.236440319123536824e+01 2.645560805460526410e+01
3.412235845580315896e+01 2.472386697375909392e+01
4.109200098523483291e+01 2.723669915679182196e+01
3.742430734547447457e+01 2.501763193603971303e+01
3.047669390123485300e+01 2.449790740910399123e+01
4.057184719457641364e+01 2.625392745280351292e+01
3.015150559577724820e+01 2.365860538078350217e+01
3.737575878483980318e+01 2.532208747841031027e+01
