4.948414851731887865e+01 2.578582386398764470e+01
4.086286637426771051e+01 2.861615987894311530e+01
3.867568624432876589e+01 2.477698033804014699e+01
3.693245521750423421e+01 2.513538567065247520e+01
3.086217726799536010e+01 2.727105835803725498e+01
3.434549019690613392e+01 2.707473423976054150e+01
3.358646405647323974e+01 2.435509867062924272e+01
4.102336193328521574e+01 2.260450955243799243e+01
3.950839749870828399e+01 2.515352983618272731e+01
4.815051312437779529e+01 2.815731937497702830e+01
4.259883762763143977e+01 2.549278600344583623e+01
4.018250862971395776e+01 2.446286309706184525e+01
3.626968952443364458e+01 2.477917555800362948e+01
3.952159063937052963e+01 2.689625667975775514e+01
3.271424687764736206e+01 2.583011119878691630e+01
3.977986845923221182e+01 2.598683980261347770e+01
4.204357947784217941e+01 2.534125597757574511e+01
3.839726458243077900e+01 2.642209574340869693e+01
4.047069819199676033e+01 2.611129848151053778e+01
4.732371429256571105e+01 2.647961732850740901e+01
3.758671149770295017e+01 2.639215216995330948e+01
4.139814934070590624e+01 2.579968491302126665e+01
3.473025261947336872e+01 2.460941333115257024e+01
4.567539728822168854e+01 2.641046785041390166e+01
4.570237255553274025e+01 2.571631960388262073e+01
3.712081710789878031e+01 2.698021472998444281e+01
3.508438374307125684e+01 2.466716034666869461e+01
3.570014687147846644e+01 2.630306686953306894e+01
3.217296278091548345e+01 2.530853085194155838e+01
3.503484693009684747e+01 2.644545873268663172e+01
