1.317094720279766591e+02 4.364612429713625374e+01
1.375388213689981001e+02 4.397947161238631963e+01
1.137379674486504797e+02 4.357789191653262861e+01
1.328792865974600375e+02 4.423851065494088175e+01
1.232829846654023100e+02 4.531240249762003458e+01
1.261879679706170236e+02 4.296719530097274742e+01
1.259773849873111118e+02 4.324841601709263728e+01
1.372911915238919107e+02 4.352270174116497969e+01
1.399642599736552029e+02 4.298405044805780761e+01
1.303029552316755257e+02 4.537289768600557238e+01
1.424243863648713671e+02 4.487022368313849086e+01
1.223833909196451799e+02 4.543550678303957824e+01
1.422123273394362286e+02 4.497328417371220866e+01
1.347766759120511608e+02 4.312217500375463430e+01
1.330820259589729915e+02 4.332321835859143988e+01
1.368149390048274086e+02 4.341263381105696340e+01
1.327403815855056166e+02 4.502317373684780932e+01
1.354753920322038141e+02 4.208936362413043497e+01
1.265053377876752307e+02 4.616231914479688214e+01
1.381757400005577381e+02 4.453863225466270848e+01
1.261878212172333917e+02 4.432223903137109033e+01
1.261741448232830010e+02 4.337534475500702769e+01
1.247820973904005228e+02 4.447278732788063849e+01
1.416753219795740222e+02 4.423728276555700489e+01
1.437677805519027459e+02 4.570916979682831283e+01
1.316422935708580439e+02 4.295537513490847203e+01
1.294848392807022890e+02 4.347464227113509594e+01
1.405140197733042271e+02 4.338900339468766276e+01
1.358704441425793448e+02 4.393703503612542960e+01
1.294599694979036428e+02 4.267258970798888384e+01
