9.242523850589955714e+01 3.748484457320896013e+01
7.764694934828617079e+01 3.619537997681928942e+01
7.242740182451404962e+01 3.548129288462106246e+01
7.766622016366495984e+01 3.875399320668645231e+01
8.286829502556024352e+01 3.805737106876553355e+01
9.393451640550023285e+01 3.618173966010787979e+01
9.192646807237872508e+01 3.692001518677678717e+01
7.097927818460885874e+01 3.639566608956483407e+01
7.410159742204693600e+01 3.480354153031918685e+01
7.637045213657242471e+01 3.726163861172553027e+01
9.167106299009674331e+01 3.765452140376989831e+01
8.685012809271015044e+01 3.661557913394268837e+01
7.460375389031243287e+01 3.914276186006107849e+01
7.953216502031925472e+01 3.432187977357938991e+01
1.022034716240743535e+02 3.925631093873724353e+01
8.343532999227514324e+01 3.689510786454671631e+01
9.068697571664338852e+01 3.424069664633302068e+01
7.821960552351872309e+01 3.709579615853923684e+01
8.555355062028507973e+01 3.756598193847415246e+01
8.817878009041014309e+01 3.595750646610886037e+01
7.696626656752422946e+01 3.576597294581314657e+01
9.055971369358606182e+01 3.845301215087128099e+01
8.712398689622145298e+01 3.826867144955792099e+01
8.653590705326935506e+01 3.612122511039022044e+01
7.965765716998423329e+01 3.815835834988543951e+01
8.495278845686704017e+01 3.754668431337237422e+01
8.406570021725366360e+01 3.712696416221560725e+01
8.297233661911390357e+01 3.647344788647817637e+01
8.089229880969591591e+01 3.815675142191894764e+01
8.184629837679106856e+01 3.488024849317954335e+01
