4.132205834237111475e+01 2.549991799131238324e+01
4.252560016476476790e+01 2.637568626804976901e+01
4.259127648909581154e+01 2.632585616896869141e+01
4.545368265721224077e+01 2.707924787071116057e+01
4.791073029436036279e+01 2.572539397946308526e+01
4.182687940222236023e+01 2.630062270918203993e+01
3.577063180784832497e+01 2.517168881087900800e+01
5.107107363114292298e+01 2.459792818580542573e+01
4.242385548530779715e+01 2.713956910729340422e+01
3.819115702983911120e+01 2.549743223173237539e+01
3.072579152999362506e+01 2.611659840629786800e+01
4.850186658012793828e+01 2.868901750351760782e+01
3.847700709978757772e+01 2.567719806230852342e+01
3.922569046835271678e+01 2.469101085106157001e+01
4.601224616514856081e+01 2.741334554552811298e+01
3.820901065358447113e+01 2.579820505525274399e+01
5.001909292451413336e+01 2.550002027901542689e+01
4.579310365453029164e+01 2.694815588199588774e+01
4.089381050099361659e+01 2.597572566252194548e+01
3.556627624649352271e+01 2.549386319211187413e+01
3.349628514594712669e+01 2.648402317373430748e+01
4.495967822335072839e+01 2.850530292094847340e+01
4.494766737033010884e+01 2.708491963826428517e+01
3.741033029698193957e+01 2.537606470917267387e+01
4.198002763058267561e+01 2.757556709059003097e+01
5.012898370183862795e+01 2.811175428892523698e+01
4.483917885095690536e+01 2.597357718751904088e+01
4.542624074827693192e+01 2.512782782640469748e+01
4.773914504237847467e+01 2.733361684565941729e+01
4.264164531350125742e+01 2.501055383978497559e+01
