7.761128491295988852e+01 3.733216657057189991e+01
8.430442350203426827e+01 3.731570976629252101e+01
9.015456143099945052e+01 3.694529980068667641e+01
7.773516101600718287e+01 3.760313493199895873e+01
7.267508547118045215e+01 3.478336450480400543e+01
7.411432251634506940e+01 3.712129259663536374e+01
7.607718099940873913e+01 3.717498396984329645e+01
8.661679416234605355e+01 3.679246436855601132e+01
7.178809432204663210e+01 3.486474129152030343e+01
9.413475960005939669e+01 3.645512624599103901e+01
9.464967669322840038e+01 3.679075658510875257e+01
7.421901376548397877e+01 3.665868065124299591e+01
8.244590878758113206e+01 3.869618568475863896e+01
8.488971573245686386e+01 3.780121823311205276e+01
8.957288875275004614e+01 3.592328033614730032e+01
8.704755178926076553e+01 3.756254614700028327e+01
8.688806657707858960e+01 3.838736367523556936e+01
8.640626802490423586e+01 3.775467241022547427e+01
8.186313573864067905e+01 3.688688850651620754e+01
8.619100777143087555e+01 3.686619192417001045e+01
8.531680630808482135e+01 3.624182713859425320e+01
8.106213768179881640e+01 3.638020709707283373e+01
7.777851912359427899e+01 3.663578591749493540e+01
7.672066220966851802e+01 3.469073676341464818e+01
8.104020432944523122e+01 3.903896801007216766e+01
7.501086794272578118e+01 3.516675070297007011e+01
7.636718973514051356e+01 3.583095931232645626e+01
9.767462092241161997e+01 3.762535074525733592e+01
9.004721786405511352e+01 3.593308151250193561e+01
7.721052679340709801e+01 3.563463435460096207e+01
